{"class": 1, "diam": 102.09865663, "obj_name": "ape", "img_path": "../../dataset/Linemod_preprocessed/data/01/rgb", "depth_path": "../../dataset/Linemod_preprocessed/data/01/depth", "mask_path": "../../dataset/Linemod_preprocessed/data/01/mask", "trainlist": "../../dataset/Linemod_preprocessed/data/01/train.txt", "testlist": "../../dataset/Linemod_preprocessed/data/01/test.txt", "gt_num": 1236, "0": {"img_name": "0000", "gt": [{"cam_R_m2c": [0.0963063, 0.99404401, 0.0510079, 0.57332098, -0.0135081, -0.81922001, -0.81365103, 0.10814, -0.57120699], "cam_t_m2c": [-105.3577515, -117.52119142, 1014.8770132], "obj_bb": [244, 150, 44, 58], "obj_id": 1, "kps": [264.7993425468535, 180.4644397246801, 244.89073626696472, 187.7105902987484, 243.38038453951452, 142.4361424230951, 286.54723483057626, 187.57562572045174, 287.18224685069555, 142.665385044717, 244.11648853426357, 209.1755405505281, 242.46580613409492, 162.15021938243322, 288.3143247608008, 208.85479811714106, 289.0863733489234, 162.2222049965194]}]}, "1": {"img_name": "0001", "gt": [{"cam_R_m2c": [0.113309, 0.99136102, 0.0660649, 0.58543199, -0.0128929, -0.810619, -0.802764, 0.130527, -0.58183599], "cam_t_m2c": [-123.75479622, -117.18555277, 1020.10820079], "obj_bb": [234, 151, 44, 58], "obj_id": 1, "kps": [254.75739407424194, 180.90331973865216, 234.74412420166016, 187.64536374108633, 233.4065244844915, 142.91368478370043, 276.27682424412296, 187.624296017024, 277.10766297575236, 143.33186359820155, 234.1586244064067, 209.5601919647506, 232.70334111472584, 163.2059615782464, 278.1736217559235, 209.32055170731675, 279.1613580410706, 163.43812497350723]}]}, "2": {"img_name": "0002", "gt": [{"cam_R_m2c": [0.14123, 0.98992503, -0.0101571, 0.58996803, -0.0923996, -0.802122, -0.79497898, 0.107292, -0.59707397], "cam_t_m2c": [-115.48054259, -19.45845384, 1060.18594215], "obj_bb": [243, 208, 41, 55], "obj_id": 1, "kps": [262.2637392402372, 235.7265037044817, 243.64312980180898, 241.30293886780214, 238.9154099234325, 201.38792797560586, 283.4422135707445, 237.64275734384464, 280.7949443069817, 197.85123092596373, 244.79255089442495, 265.63499475192486, 239.8423231718004, 224.64412919798386, 286.84379757061276, 261.57603043160896, 284.2230633291705, 220.70324080476038]}]}, "3": {"img_name": "0003", "gt": [{"cam_R_m2c": [0.122905, 0.99189001, 0.0323926, 0.58224899, -0.0456373, -0.81172901, -0.80366701, 0.118626, -0.58313602], "cam_t_m2c": [-109.77283244, -21.69397943, 1049.28910138], "obj_bb": [245, 207, 42, 55], "obj_id": 1, "kps": [264.4653032956896, 234.46259286623112, 245.0527465485456, 239.56889513893572, 242.58170148173267, 198.68925414254366, 285.3689665469668, 237.76135398517118, 284.9593596741121, 197.1460611135332, 245.48213365972143, 263.76386534160906, 242.88177569827423, 221.67119935666975, 288.1353756092604, 261.63929417674456, 287.8492486910112, 219.82132989522245]}]}, "4": {"img_name": "0004", "gt": [{"cam_R_m2c": [0.108976, 0.99175203, 0.0674766, 0.66973603, -0.0230918, -0.74224001, -0.73456001, 0.12607799, -0.66672802], "cam_t_m2c": [-103.59141046, -49.80357101, 1025.07614997], "obj_bb": [246, 191, 43, 56], "obj_id": 1, "kps": [266.31495853281695, 218.15836445915986, 246.03033332575419, 220.64261831708194, 244.74948177556493, 180.95712382815017, 287.2159383042593, 219.89074918535854, 288.40040138332756, 180.53844052834125, 246.34031270710682, 247.96779343960162, 245.00495937332428, 207.7210332046749, 289.7455873900603, 246.91647595203435, 291.1573117010368, 207.0088077080652]}]}, "5": {"img_name": "0005", "gt": [{"cam_R_m2c": [0.133884, 0.98939198, 0.0563724, 0.71664703, -0.0573733, -0.695072, -0.68446499, 0.133458, -0.71672601], "cam_t_m2c": [-128.30418943, 46.54086484, 1033.52572872], "obj_bb": [233, 247, 43, 53], "obj_id": 1, "kps": [253.28710132838287, 271.08957640021396, 233.46162807639266, 270.2603543541896, 230.44943955440226, 236.25861963618073, 274.3690645172855, 267.66752883073394, 273.99484527478904, 233.8417919690379, 234.47318078341152, 301.7986154158886, 231.36827601670737, 268.1152764816315, 277.40220355894775, 298.76465550879385, 277.21175315590654, 265.2336652087712]}]}, "6": {"img_name": "0006", "gt": [{"cam_R_m2c": [0.17219999, 0.984447, 0.0347976, 0.72412097, -0.102556, -0.68200499, -0.66782999, 0.142639, -0.730519], "cam_t_m2c": [-139.31533237, 64.09017108, 1025.25856059], "obj_bb": [227, 257, 42, 53], "obj_id": 1, "kps": [246.7171647446679, 281.01494916094924, 226.73993308746313, 280.28094514264836, 222.01756618582579, 247.32621832214195, 267.87101403243065, 275.7034941162343, 265.8961899646916, 242.80538468096523, 229.15892477204983, 312.82070658441256, 224.35631512959725, 280.39852266398924, 272.2700528394688, 307.6733698351882, 270.4957022001924, 275.26538250336404]}]}, "7": {"img_name": "0007", "gt": [{"cam_R_m2c": [0.213562, 0.97681302, 0.0150656, 0.72604001, -0.148379, -0.671453, -0.65364897, 0.15433501, -0.74089402], "cam_t_m2c": [-148.79472314, 87.75490998, 1015.27622696], "obj_bb": [221, 271, 43, 53], "obj_id": 1, "kps": [240.74151377690305, 294.6287868406737, 220.49440251799973, 294.020609514917, 214.16314839729338, 262.21443541963004, 261.82879663793915, 287.32968693422777, 258.3493328142593, 255.4503912429669, 224.4994091607278, 327.57200691982905, 218.12431360658852, 296.50637475412674, 267.7764876820795, 320.16914003086174, 264.5379017308366, 288.96711071935573]}]}, "8": {"img_name": "0008", "gt": [{"cam_R_m2c": [0.24592599, 0.96925801, -0.00773198, 0.73461801, -0.19158401, -0.65087098, -0.63234299, 0.154386, -0.75914901], "cam_t_m2c": [-131.2054047, 124.45583576, 999.28654597], "obj_bb": [230, 293, 43, 53], "obj_id": 1, "kps": [249.51200578413514, 316.24267321789034, 228.535167119066, 315.038546246931, 221.26284324823445, 285.34309481217457, 270.0839475550313, 306.20329359435766, 265.8099974096815, 276.24662602490775, 234.54991538683436, 350.3615328958686, 227.35264530766338, 321.7749221159813, 277.98945604337035, 340.69267143788204, 274.08076874163754, 311.7562080933873]}]}, "9": {"img_name": "0009", "gt": [{"cam_R_m2c": [0.16422901, 0.98613298, -0.0238958, 0.78948301, -0.145926, -0.59617198, -0.59139198, 0.0790434, -0.80250102], "cam_t_m2c": [-71.54985682, -36.76336895, 1015.5891147], "obj_bb": [265, 200, 42, 54], "obj_id": 1, "kps": [284.22977130576425, 224.38928492339383, 263.87177981749034, 224.01689351036697, 258.08474468193276, 191.24767748733254, 304.8577227412156, 218.09400092923073, 302.1116040386933, 185.09059131772477, 268.1347847116943, 256.6838714123321, 262.40470600001555, 224.8959749111343, 310.87555327269615, 250.3097702844494, 308.4629435078852, 218.2358185235365]}]}, "10": {"img_name": "0010", "gt": [{"cam_R_m2c": [0.201309, 0.97952598, -0.00196402, 0.86531597, -0.178776, -0.46825999, -0.45902401, 0.0925654, -0.88358903], "cam_t_m2c": [-81.23337794, -14.28518297, 971.73850331], "obj_bb": [257, 214, 43, 52], "obj_id": 1, "kps": [276.6064912345795, 235.89141381415126, 254.534098526312, 231.60276642709783, 248.35627716089425, 204.62507619660258, 297.1334149829461, 223.97463957502455, 294.6298089914076, 196.5508726224406, 260.8687072048964, 269.22219147708637, 255.01884199587778, 244.5636841585067, 304.9082826032629, 261.05736450710094, 302.9968495485011, 235.87024877027696]}]}, "11": {"img_name": "0011", "gt": [{"cam_R_m2c": [0.28957701, 0.95369798, -0.0812766, 0.79187399, -0.28640699, -0.53935701, -0.53766203, 0.0918243, -0.83814597], "cam_t_m2c": [-137.69504955, 99.02994624, 1045.72653426], "obj_bb": [232, 278, 40, 49], "obj_id": 1, "kps": [249.7823366786441, 298.495628771085, 230.664622505511, 296.6708648092247, 219.39094338150585, 273.0518236835953, 269.5007988329841, 284.81609238245954, 261.2016792000107, 260.47604409855796, 238.8864718568588, 331.27414613407836, 227.78823902686236, 309.3820064901889, 279.151987794156, 318.7353053314934, 271.2605616886353, 296.0269158022783]}]}, "12": {"img_name": "0012", "gt": [{"cam_R_m2c": [0.28002101, 0.95796698, -0.0623512, 0.799532, -0.268673, -0.53718102, -0.531353, 0.10057, -0.84115899], "cam_t_m2c": [-135.19976975, 102.61951713, 1039.40436576], "obj_bb": [233, 281, 40, 48], "obj_id": 1, "kps": [250.58348626892072, 300.7585563638479, 231.03403028962202, 298.32469155138716, 220.66211186583004, 274.7951678954085, 270.312301965612, 287.0753452311788, 262.9777781172502, 262.87770045567873, 238.9682340131157, 333.48892941345014, 228.79527787872792, 311.76730317394686, 279.6795277139456, 321.5539935545176, 272.77911031295173, 299.0688066941282]}]}, "13": {"img_name": "0013", "gt": [{"cam_R_m2c": [0.25402299, 0.96717298, 0.00700462, 0.86746299, -0.22462, -0.44390899, -0.42776299, 0.118839, -0.89604503], "cam_t_m2c": [-124.93848204, 119.98928716, 1004.20374518], "obj_bb": [235, 294, 41, 46], "obj_id": 1, "kps": [253.40586065390485, 311.9092314584109, 231.88129961663975, 305.08943438405413, 224.38098844287546, 286.4357690245904, 272.9837826193868, 295.1669945515728, 268.9888015967318, 275.8589175550078, 239.69130259486116, 343.93293210190524, 232.61422932601153, 328.0266079453064, 282.0145514509581, 333.35244203885793, 278.663771714769, 316.6858866517742]}]}, "14": {"img_name": "0014", "gt": [{"cam_R_m2c": [0.284908, 0.95775902, 0.0390502, 0.91040802, -0.257624, -0.32370701, -0.29997301, 0.12777901, -0.945351], "cam_t_m2c": [-143.37720191, 123.03884865, 989.86834617], "obj_bb": [223, 295, 42, 46], "obj_id": 1, "kps": [241.6247167681499, 313.8886978324913, 218.92503180270606, 304.5837902210421, 211.39676977002404, 292.39642416885494, 260.46227564745635, 293.06820805704024, 256.75418051468176, 279.9687611310397, 228.71248922934407, 344.9419065140377, 221.9128891020195, 336.220479166455, 271.0758520962436, 332.7813737731768, 268.2574551560014, 323.02970806994165]}]}, "15": {"img_name": "0015", "gt": [{"cam_R_m2c": [0.28073499, 0.95872998, 0.0449957, 0.91456503, -0.25299299, -0.31553999, -0.291134, 0.12973499, -0.94784498], "cam_t_m2c": [-144.92688862, 124.1812763, 989.35606466], "obj_bb": [222, 296, 42, 45], "obj_id": 1, "kps": [240.6620580962324, 314.52047140362083, 217.9044903886705, 304.8700740550026, 210.57729943673306, 293.16222880749547, 259.5340606244029, 293.53198530822345, 256.0478704614312, 280.9214333604928, 227.5630070487143, 345.3765727773021, 220.96531883135356, 337.18003259073043, 269.9933619924536, 333.3974600618798, 267.3932414670855, 324.18006035922866]}]}, "16": {"img_name": "0016", "gt": [{"cam_R_m2c": [0.27783501, 0.95898998, 0.0560917, 0.91840303, -0.24804699, -0.308236, -0.28168201, 0.137153, -0.949655], "cam_t_m2c": [-150.30524219, 123.25117277, 991.3170254], "obj_bb": [219, 295, 42, 45], "obj_id": 1, "kps": [237.68816701533083, 313.79248652018, 214.86406079827722, 303.9019612404402, 207.86116728026067, 292.53503929410215, 256.5160493306413, 292.7700337249355, 253.35695140647505, 280.5220141585513, 224.39071178969982, 344.42378479081356, 218.11826089051482, 336.58630946618405, 266.80882391179824, 332.6418788686968, 264.5299362245032, 323.8033557943443]}]}, "17": {"img_name": "0017", "gt": [{"cam_R_m2c": [0.241751, 0.969482, 0.0407612, 0.89123303, -0.20523401, -0.40445301, -0.383744, 0.134105, -0.91364998], "cam_t_m2c": [-234.22435081, -16.16434018, 1013.86056754], "obj_bb": [174, 215, 42, 48], "obj_id": 1, "kps": [192.81507521510574, 234.70964888009027, 173.23911316422715, 229.42047251121033, 162.43185743284965, 206.64680696692352, 214.7484670906496, 221.04957544712983, 207.56409294808367, 197.80715561198016, 179.1007498559868, 266.4999848138193, 168.4791985811799, 246.2950481742462, 221.70669936092216, 257.5274444729713, 214.91111656089845, 236.75939992290645]}]}, "18": {"img_name": "0018", "gt": [{"cam_R_m2c": [-0.0609332, 0.99783099, 0.0249085, 0.94538897, 0.0657002, -0.31925401, -0.320198, 0.00409502, -0.94734198], "cam_t_m2c": [-223.28912067, -74.68755914, 1001.33653834], "obj_bb": [176, 182, 45, 46], "obj_id": 1, "kps": [197.81345901073553, 200.5868230043285, 183.97932776125452, 188.61529148047327, 172.66411381168763, 166.49902078768298, 225.9496113773987, 191.39759727064768, 218.39903335388624, 169.53789113963205, 178.0922889674518, 227.20268989806465, 165.9451055030647, 208.0660076412621, 221.05157012515, 230.0385662046886, 212.85688845354204, 211.16896054583816]}]}, "19": {"img_name": "0019", "gt": [{"cam_R_m2c": [-0.45818201, 0.88884002, 0.00577884, 0.84785402, 0.438988, -0.29737699, -0.26685801, -0.13135301, -0.95474303], "cam_t_m2c": [-181.32966409, -118.97611579, 1006.37468578], "obj_bb": [200, 157, 43, 42], "obj_id": 1, "kps": [222.73613771677964, 175.40256266470382, 218.50467995520145, 158.85806205627821, 209.2490890086863, 135.3952963132857, 254.88886837326945, 176.570935811181, 248.8303733619746, 154.4649118889468, 197.39839704454928, 192.54768210067675, 186.01586228558557, 171.6714531599947, 234.28647350006867, 210.9388524312033, 226.19307877059256, 191.53892292029084]}]}, "20": {"img_name": "0020", "gt": [{"cam_R_m2c": [-0.45517799, 0.89008099, 0.0238584, 0.85469103, 0.44427899, -0.26855099, -0.249632, -0.101847, -0.96297002], "cam_t_m2c": [-180.78323041, -95.605778, 999.06701276], "obj_bb": [199, 170, 44, 41], "obj_id": 1, "kps": [222.18932397604445, 188.00204972757567, 217.3816454826002, 169.88630785202787, 208.83047760477, 148.70231695621885, 254.2663741529574, 188.19719712043394, 249.03877150504402, 168.52374987084355, 196.36408416039455, 204.40960759280082, 185.68592189665915, 186.01658406993457, 233.76585041108686, 223.32218796743896, 226.50878974843275, 206.5500028588963]}]}, "21": {"img_name": "0021", "gt": [{"cam_R_m2c": [-0.42430899, 0.90496403, 0.0316572, 0.87455398, 0.41861299, -0.244782, -0.234771, -0.076177, -0.96906102], "cam_t_m2c": [-170.79294192, -61.25643761, 990.40757654], "obj_bb": [204, 189, 44, 41], "obj_id": 1, "kps": [226.90988621514805, 207.06830704466765, 220.66863255200806, 187.55836343282346, 212.69368102610875, 169.04708594800627, 258.6953011166508, 205.14999680110606, 254.22343296388811, 188.16724675087005, 200.94907882542532, 223.60239461997256, 190.95740584987084, 208.15036378051892, 239.52388786693047, 241.70859126751796, 233.14152098086612, 227.88258450235236]}]}, "22": {"img_name": "0022", "gt": [{"cam_R_m2c": [-0.40355, 0.91368097, 0.0483073, 0.89359897, 0.404921, -0.193698, -0.196539, -0.0349995, -0.97987098], "cam_t_m2c": [-148.04908657, -35.96320217, 977.11376021], "obj_bb": [215, 202, 45, 41], "obj_id": 1, "kps": [238.62303469988288, 220.95439844647277, 230.6404437473057, 199.38302318833348, 224.29495319195098, 184.4706053578115, 269.8629628208873, 216.79896775579004, 267.25818414361913, 203.51252465137176, 212.00194030468617, 237.031158354267, 203.7444409280463, 225.53433158027627, 251.75169908123854, 254.8043073726464, 247.34104343735888, 245.00454740087548]}]}, "23": {"img_name": "0023", "gt": [{"cam_R_m2c": [-0.398251, 0.916125, 0.0459471, 0.89803702, 0.39961401, -0.183952, -0.186884, -0.0319968, -0.981861], "cam_t_m2c": [-146.92195533, -37.82402652, 974.43526575], "obj_bb": [216, 201, 45, 41], "obj_id": 1, "kps": [239.04827524917212, 219.75392835637732, 230.88109923044192, 197.9885638599049, 224.38607986261903, 183.429183386965, 270.3401039868902, 215.22864432393283, 267.6295010738505, 202.29159818960864, 212.49838875757712, 235.92536950226454, 204.1101513349031, 224.84375685385967, 252.46555571656273, 253.50034856247592, 247.96460052625713, 244.1081819156869]}]}, "24": {"img_name": "0024", "gt": [{"cam_R_m2c": [-0.245452, 0.96867001, 0.0378298, 0.94275898, 0.24761, -0.22337, -0.225739, -0.0191622, -0.97399902], "cam_t_m2c": [-137.84759385, -13.0314511, 1000.54167378], "obj_bb": [224, 216, 45, 42], "obj_id": 1, "kps": [246.23526393722275, 234.74468375560417, 234.14753173495362, 215.8586706810195, 227.76845408563298, 201.25144379212622, 274.8781975855538, 226.2872365004359, 272.2671527034959, 212.62474700485842, 222.36827474395162, 254.97185194892566, 214.7633761431374, 243.78843849261065, 263.7554142615471, 265.62897167982106, 260.0467918633703, 255.43435061724657]}]}, "25": {"img_name": "0025", "gt": [{"cam_R_m2c": [0.0762899, 0.99638802, 0.0372948, 0.94897902, -0.0610803, -0.30936801, -0.30597299, 0.0589937, -0.95021099], "cam_t_m2c": [-139.83771517, -0.39669115, 1000.98931773], "obj_bb": [224, 225, 44, 45], "obj_id": 1, "kps": [244.75440220736238, 242.76125305971755, 225.81219618625528, 231.2566124658499, 218.86815662268083, 213.4384128094729, 268.0551058451861, 228.73490198121434, 264.9362732388746, 210.77428932329906, 226.78682199969458, 271.0795340818129, 219.76200831783493, 256.50346368496565, 269.9726287264268, 268.3251867616982, 266.95379707363224, 253.56616435449953]}]}, "26": {"img_name": "0026", "gt": [{"cam_R_m2c": [0.288017, 0.93887299, 0.188582, 0.78697902, -0.119855, -0.60522598, -0.54562801, 0.322725, -0.77339399], "cam_t_m2c": [-181.37049501, -38.77477632, 1045.40063811], "obj_bb": [205, 200, 41, 52], "obj_id": 1, "kps": [224.40370443400053, 223.80821355213737, 200.49581609033103, 222.9798352928205, 201.52823988752917, 190.35986804420966, 240.7325304055998, 218.62026663338577, 244.4778274967022, 186.4868087077522, 207.50493583325135, 254.9143657596065, 209.09045048746054, 223.23243115929114, 249.130756367178, 249.6410265739029, 253.62584344740563, 218.37751423303914]}]}, "27": {"img_name": "0027", "gt": [{"cam_R_m2c": [0.347848, 0.91972297, 0.18196701, 0.740475, -0.15045799, -0.65502602, -0.57506502, 0.362591, -0.73336798], "cam_t_m2c": [-190.31208498, -69.20154475, 1051.96262341], "obj_bb": [202, 183, 40, 53], "obj_id": 1, "kps": [220.15479351567973, 207.82168263908522, 195.66438899612547, 209.84008373924755, 196.47988006776822, 174.1251562240493, 235.3429102015241, 204.67696139382667, 238.66973515289897, 169.58565853874296, 204.66874145744626, 239.19739572777186, 206.13728335857388, 203.90747596890992, 245.71830046565384, 233.05893578309218, 249.87972265454783, 198.34277690623009]}]}, "28": {"img_name": "0028", "gt": [{"cam_R_m2c": [0.360937, 0.92486298, 0.119808, 0.72826397, -0.199274, -0.65568399, -0.58254302, 0.32391199, -0.74546897], "cam_t_m2c": [-172.76442881, -64.45993073, 1001.63773482], "obj_bb": [206, 182, 42, 57], "obj_id": 1, "kps": [225.24391817698566, 208.8862775219289, 200.50473644073247, 212.27315360578558, 198.21065630330628, 174.86174139946314, 241.80934935437472, 204.68706027560344, 242.39258161011477, 167.69614144168403, 210.65375714271258, 242.6125679552979, 208.99532738575272, 205.65366572876403, 253.48853727273917, 233.9567506729342, 254.93277781114773, 197.34947214202603]}]}, "29": {"img_name": "0029", "gt": [{"cam_R_m2c": [0.40655699, 0.89857203, 0.165167, 0.76857501, -0.23863199, -0.59358901, -0.49396801, 0.36827099, -0.787637], "cam_t_m2c": [-230.30457028, -25.27949974, 986.39323208], "obj_bb": [171, 206, 42, 55], "obj_id": 1, "kps": [190.33164690610724, 230.58336731424285, 164.64335337795154, 232.0297759610167, 161.5707766505449, 198.5446456410526, 206.80429299958402, 222.23891033297852, 206.92025575762963, 189.00725025382687, 176.40331784458854, 265.4502871589701, 174.131926653606, 233.2306529121563, 219.78614138039705, 254.360899283208, 220.89880439946944, 222.26730542487525]}]}, "30": {"img_name": "0030", "gt": [{"cam_R_m2c": [0.436041, 0.89013398, 0.13239899, 0.75908202, -0.28477001, -0.58540601, -0.48338699, 0.355762, -0.79985601], "cam_t_m2c": [-177.17037397, 18.68210759, 1032.58267669], "obj_bb": [208, 232, 39, 52], "obj_id": 1, "kps": [225.71072194428217, 255.3157087912579, 200.35225699401786, 256.89646322139095, 198.13948752162963, 227.18521268685686, 239.38073368360963, 245.01674447447968, 240.01406580196803, 215.25514383655963, 214.19365879813267, 289.27069387938946, 212.95089597163093, 260.89455837573735, 254.20753921496416, 276.1423949485951, 255.96211585694581, 247.58441859319913]}]}, "31": {"img_name": "0031", "gt": [{"cam_R_m2c": [0.44938999, 0.88416499, 0.12767801, 0.79512602, -0.33072999, -0.50832301, -0.40721399, 0.329956, -0.85164899], "cam_t_m2c": [-188.72509165, 11.43893817, 994.46952816], "obj_bb": [198, 229, 40, 52], "obj_id": 1, "kps": [215.40845862544745, 251.21226494565653, 189.4015478054959, 251.6986441630008, 185.31901099763115, 224.55782817660065, 229.6654007298443, 237.6023436137589, 228.88828636480213, 210.0479889464121, 204.63960833762545, 286.4135582894572, 201.70554788940203, 261.29469075079055, 245.7316504055313, 271.03260235421413, 246.24727040904054, 245.32706619426975]}]}, "32": {"img_name": "0032", "gt": [{"cam_R_m2c": [0.47995999, 0.86579698, 0.14154001, 0.80628699, -0.37175199, -0.46011099, -0.345745, 0.334957, -0.87650698], "cam_t_m2c": [-210.16594574, 17.44270593, 969.06613945], "obj_bb": [182, 233, 41, 51], "obj_id": 1, "kps": [199.92941508834588, 254.69786868943706, 173.0231465929453, 254.77305027452013, 167.8449302829218, 229.80455475269503, 213.98773843528016, 238.4731118496494, 212.40090765024323, 212.81127452720025, 190.1618944547243, 290.7994263179246, 186.36031986992833, 268.3154551852215, 231.74984615967767, 273.14789645804484, 231.65655321762515, 249.7644062421219]}]}, "33": {"img_name": "0033", "gt": [{"cam_R_m2c": [0.51735198, 0.84378201, 0.14275099, 0.782305, -0.398691, -0.478587, -0.34690899, 0.35927299, -0.86635798], "cam_t_m2c": [-198.38529911, 41.73115694, 994.19661581], "obj_bb": [192, 247, 40, 50], "obj_id": 1, "kps": [209.7453382732043, 268.4346758322986, 182.70848096407627, 269.5202041314741, 178.68718903552855, 245.3955688396849, 221.7773270769969, 252.07419687446804, 221.03482140252012, 227.22166368586844, 201.29683244027154, 304.0494927996586, 198.7550601130226, 282.200489981086, 240.85860216139835, 285.22938417413087, 241.68380255723213, 262.45164200734376]}]}, "34": {"img_name": "0034", "gt": [{"cam_R_m2c": [0.59242499, 0.79799902, 0.110588, 0.76396102, -0.512896, -0.391536, -0.255725, 0.31643999, -0.91349298], "cam_t_m2c": [-195.40398094, 77.09915755, 996.91346128], "obj_bb": [194, 270, 40, 45], "obj_id": 1, "kps": [211.9661050763497, 288.11613813976254, 185.00269992082787, 289.641795813029, 178.75676337615516, 272.1924154774288, 221.6636198375309, 267.02038838589226, 218.72039146087184, 248.0685341897745, 207.62809854024903, 323.2434906337908, 203.28513791984022, 308.45032103889855, 244.4385269756615, 299.4083436177355, 243.42948076760658, 282.907888075845]}]}, "35": {"img_name": "0035", "gt": [{"cam_R_m2c": [0.59349197, 0.79926199, 0.0945968, 0.76415402, -0.52268702, -0.377978, -0.25265801, 0.29661301, -0.92096901], "cam_t_m2c": [-186.80126227, 72.18677213, 989.80440813], "obj_bb": [198, 267, 40, 46], "obj_id": 1, "kps": [216.19521898741536, 285.5467835159395, 189.30859690078054, 287.0501187228406, 182.41252056742195, 270.0328457928495, 225.99013248486028, 263.9767373619636, 222.45848570908495, 245.35061566979078, 212.2253579195525, 320.79547384415764, 207.27719688349848, 306.5045499462839, 249.07678722086817, 296.54315680841194, 247.5288819102091, 280.43986929121394]}]}, "36": {"img_name": "0036", "gt": [{"cam_R_m2c": [0.51044297, 0.85566598, 0.0853387, 0.66814899, -0.33218199, -0.665757, -0.541318, 0.39684999, -0.74127197], "cam_t_m2c": [-198.76099086, -43.20536661, 1010.23647448], "obj_bb": [194, 195, 40, 56], "obj_id": 1, "kps": [211.5758102218442, 221.39546788958418, 186.0349555969892, 228.32188470210247, 180.95205444617937, 191.66199052012405, 225.1904522171259, 215.02576049931156, 222.89379483576505, 178.58764145541545, 202.3489280256914, 256.598107279505, 198.22426267717816, 220.38267705013703, 242.56849221676583, 241.9384808986487, 241.39205749699494, 205.8445952193567]}]}, "37": {"img_name": "0037", "gt": [{"cam_R_m2c": [0.50438303, 0.86022002, 0.0749662, 0.648691, -0.32018599, -0.69042099, -0.56990999, 0.39686599, -0.719513], "cam_t_m2c": [-197.55030915, -43.46886864, 1001.65576917], "obj_bb": [194, 194, 40, 57], "obj_id": 1, "kps": [211.34052406342238, 221.22502365518648, 185.85543833157828, 228.83851955279385, 180.45275814262473, 190.66567553657606, 225.51534248041057, 215.92039376081067, 222.88207794788602, 178.06835299188538, 201.76950240477387, 256.5608168225435, 197.24398623524377, 218.58112732027365, 242.62025618398633, 242.26945212877862, 241.0422086091545, 204.52458361918806]}]}, "38": {"img_name": "0038", "gt": [{"cam_R_m2c": [0.48447499, 0.87059402, 0.0857269, 0.61937302, -0.27215901, -0.73641402, -0.617787, 0.409872, -0.67107701], "cam_t_m2c": [-178.33125739, -54.06893913, 993.49127841], "obj_bb": [203, 187, 41, 58], "obj_id": 1, "kps": [221.29286733325148, 215.2348300095694, 195.21301847199652, 223.58541151316265, 191.59977028155316, 182.46230822638046, 235.4593840107431, 212.74868983319564, 234.4343193582649, 172.2648653532688, 210.3858114770826, 250.0713818671692, 207.6011091917215, 208.6273291258106, 252.01284050322835, 237.90657687137946, 252.00475393200213, 197.05823218994848]}]}, "39": {"img_name": "0039", "gt": [{"cam_R_m2c": [0.497531, 0.861292, 0.103142, 0.55713803, -0.22614799, -0.799034, -0.66487598, 0.455008, -0.59237403], "cam_t_m2c": [-169.62913892, -82.70098033, 977.34483521], "obj_bb": [206, 168, 41, 60], "obj_id": 1, "kps": [224.4467143782284, 198.49354665947232, 197.07251776024535, 208.95390603895237, 195.4535644833722, 163.1612807435651, 237.91985494377457, 200.45954821412738, 238.59455380952699, 155.8301100397873, 212.81687372643376, 232.42917302218504, 212.05125748294148, 185.49713639970034, 255.1733665691399, 222.6736254448107, 256.8792191602793, 176.93696920874447]}]}, "40": {"img_name": "0040", "gt": [{"cam_R_m2c": [0.60143602, 0.78841603, 0.12912799, 0.50392401, -0.248952, -0.82709301, -0.61994702, 0.56251401, -0.54703099], "cam_t_m2c": [-248.90067114, -88.73141811, 1003.24629652], "obj_bb": [164, 166, 40, 59], "obj_id": 1, "kps": [181.8044911895369, 196.40377180579446, 153.97148456090835, 208.50615328850535, 152.1183439551152, 162.3569726879942, 193.5521115558576, 199.54979900157852, 193.7193719557493, 154.9295340092781, 172.34645689308127, 229.20909995350016, 171.38875780753767, 181.8471170497531, 212.95915080127835, 218.962190368996, 214.13220326596482, 173.1906363462651]}]}, "41": {"img_name": "0041", "gt": [{"cam_R_m2c": [0.44870701, 0.88847202, 0.0963285, 0.58876097, -0.212798, -0.77979398, -0.67232603, 0.40661299, -0.618581], "cam_t_m2c": [-198.96737476, -144.92760495, 1027.8623096], "obj_bb": [195, 136, 40, 58], "obj_id": 1, "kps": [213.2422958130064, 165.98968978628722, 188.39384662151537, 175.74511790207686, 185.70918050833927, 131.34483816318937, 228.28655344845006, 169.02157328560315, 227.85916206848563, 125.60065750744012, 200.7145544686635, 197.65568416626843, 198.61688951040966, 152.18986172636517, 242.18020269049322, 189.94381606691283, 242.5276464959777, 145.48511506728795]}]}, "42": {"img_name": "0042", "gt": [{"cam_R_m2c": [0.403236, 0.90999103, 0.0965223, 0.60156602, -0.184117, -0.77731502, -0.68957901, 0.37150601, -0.62166202], "cam_t_m2c": [-185.15804207, -149.15602439, 1038.98033313], "obj_bb": [204, 135, 40, 57], "obj_id": 1, "kps": [222.02531775210065, 164.431623118923, 197.86896549811394, 173.40351409046545, 195.7193351334352, 129.54623324005783, 237.66139994902457, 167.79394486580358, 237.7306446571771, 124.835136765084, 208.431426411598, 195.39755598833892, 206.78713338789947, 150.46823424808977, 249.90732572183896, 188.9094402425418, 250.67972079851467, 144.9064178048478]}]}, "43": {"img_name": "0043", "gt": [{"cam_R_m2c": [-0.0193949, 0.93607998, 0.351253, 0.446854, 0.32239401, -0.83449602, -0.89439702, 0.140774, -0.42454401], "cam_t_m2c": [-73.08905434, -10.8166131, 1064.86848545], "obj_bb": [262, 214, 42, 50], "obj_id": 1, "kps": [283.23736732510474, 240.27921699120122, 261.07147026704257, 241.0253426216848, 275.9248372387725, 200.08461407604355, 298.6964312529953, 253.80454919482042, 314.75152730585165, 213.73506929378715, 256.0971315910417, 259.5675494772296, 271.75974412862894, 216.5833812198742, 296.19153791246595, 272.97618237277385, 313.2219833840924, 230.9674643268714]}]}, "44": {"img_name": "0044", "gt": [{"cam_R_m2c": [0.101951, 0.99058902, 0.0913196, 0.25315601, 0.0629406, -0.96537602, -0.96203899, 0.121539, -0.244357], "cam_t_m2c": [-88.32615119, 49.14658456, 1076.72255213], "obj_bb": [257, 244, 41, 53], "obj_id": 1, "kps": [276.8638697636542, 273.31715563593525, 256.3403582173598, 283.74441091822155, 259.30355017663624, 238.2882704639142, 295.8841444269172, 285.87713589092436, 299.62332172069154, 240.85158018597286, 255.7643789333474, 297.1764240814901, 258.9261094214648, 248.77527554311163, 298.0460897447652, 299.3365908022117, 302.0961769548873, 251.42389353552326]}]}, "45": {"img_name": "0045", "gt": [{"cam_R_m2c": [0.0623058, 0.99377501, 0.0923513, 0.316405, 0.0680907, -0.94617701, -0.946576, 0.0881727, -0.310193], "cam_t_m2c": [-101.12491043, 16.10828077, 1082.7246265], "obj_bb": [250, 227, 42, 53], "obj_id": 1, "kps": [270.4586650431892, 255.52406734561788, 251.12319898501488, 264.8398999002328, 253.61258682665476, 220.19397641110962, 290.41735856046023, 267.36979340745575, 293.90105815230953, 223.0646196190495, 248.64745049832558, 279.4058910519217, 251.24207092723782, 232.04744470305175, 290.6085355824581, 282.01283962393086, 294.33897658968846, 235.0387952458486]}]}, "46": {"img_name": "0046", "gt": [{"cam_R_m2c": [-0.146751, 0.97387999, 0.17326801, 0.31052199, 0.211666, -0.9267, -0.93917, -0.082191, -0.33347401], "cam_t_m2c": [-99.92706851, 61.4327461, 1054.19192156], "obj_bb": [247, 252, 44, 52], "obj_id": 1, "kps": [269.4227784858712, 280.15605450925864, 252.90499864271703, 285.5008410293594, 259.2958114874551, 241.47398131542496, 291.743152498505, 294.30183898349793, 299.2814266092159, 250.2642746588125, 241.7882001591958, 301.5161539303949, 248.29343981958047, 254.85930658906625, 283.24254819894594, 311.0246932700739, 291.05778968533707, 264.36125691288504]}]}, "47": {"img_name": "0047", "gt": [{"cam_R_m2c": [-0.00211873, 0.979518, 0.201345, 0.30280399, 0.19252101, -0.93340498, -0.95305097, 0.0589902, -0.29701], "cam_t_m2c": [-273.16451248, 87.179142, 1044.42567299], "obj_bb": [151, 266, 45, 54], "obj_id": 1, "kps": [174.0461777799293, 294.6746632369366, 157.33718550114608, 300.3829254009749, 162.97239168258332, 255.72958087047695, 197.71815500399723, 307.95414594514216, 204.3585993996837, 263.68497005199004, 145.33847410902968, 317.4430911949561, 151.05472206161522, 270.0047200292973, 188.62392376624226, 325.47258156200945, 195.49735578640858, 278.47155954315275]}]}, "48": {"img_name": "0048", "gt": [{"cam_R_m2c": [0.49032599, 0.86468297, 0.109102, 0.50219399, -0.177999, -0.84623802, -0.71230698, 0.46972299, -0.52151603], "cam_t_m2c": [-138.95913327, 92.77796487, 1046.42103613], "obj_bb": [230, 270, 38, 56], "obj_id": 1, "kps": [247.6458963865303, 297.2375272305748, 221.23598882338013, 305.54407891845796, 221.96570640434572, 265.29946713424937, 259.0631002455823, 296.36791931387336, 261.46342469718047, 257.0858656441178, 236.52438447314717, 330.20970866549794, 238.04317961382594, 288.94752658691533, 275.7522514360417, 319.7194756034257, 279.0684757986779, 279.44571603648313]}]}, "49": {"img_name": "0049", "gt": [{"cam_R_m2c": [0.53497899, 0.844423, 0.0273334, 0.41495401, -0.23443501, -0.87912101, -0.73594201, 0.481653, -0.47581401], "cam_t_m2c": [-132.3375094, 59.67231554, 1019.1795678], "obj_bb": [232, 251, 39, 58], "obj_id": 1, "kps": [249.71137002934225, 280.5505894961179, 223.53209908379682, 293.0387800223381, 220.54555919222614, 249.2796348174203, 261.5145297398228, 281.6927282157081, 260.22359045929164, 239.02569381427287, 241.18389880323315, 314.0605032290783, 238.83266528993832, 268.6969537714803, 280.5823188498582, 301.33895706538493, 280.06104007392355, 257.12913353856084]}]}, "50": {"img_name": "0050", "gt": [{"cam_R_m2c": [0.56820798, 0.81892198, 0.0806598, 0.31830499, -0.128343, -0.93926001, -0.758829, 0.55936903, -0.333592], "cam_t_m2c": [-188.43475802, 94.04701691, 1056.57004244], "obj_bb": [205, 269, 37, 56], "obj_id": 1, "kps": [221.66334061753093, 298.1822849954175, 195.03696863002972, 311.18277975485, 195.27584479769445, 266.04265680052424, 232.48288045314413, 303.4195080097988, 233.7622655542231, 259.8564081308837, 211.85623492997385, 328.64086643847395, 212.62868099236016, 281.4171977263337, 250.64113070731116, 319.7461672794583, 252.52925035319043, 274.24127055070045]}]}, "51": {"img_name": "0051", "gt": [{"cam_R_m2c": [0.58463001, 0.80729401, 0.0805286, 0.31064001, -0.13105001, -0.94145, -0.74947399, 0.57541502, -0.32739401], "cam_t_m2c": [-202.23828784, 88.6837202, 1051.06827734], "obj_bb": [196, 266, 38, 56], "obj_id": 1, "kps": [213.61768473449797, 295.5885028256018, 186.75771710838566, 309.0152822511655, 186.82378745065432, 263.3960047536665, 224.40238218812405, 301.1153523282781, 225.50642344655333, 257.1519688067324, 204.00704289002516, 326.07923711076, 204.60291324790393, 278.3475827184151, 242.9444812863319, 317.03670918294273, 244.65037038637627, 271.11061662401386]}]}, "52": {"img_name": "0052", "gt": [{"cam_R_m2c": [0.44659299, 0.78397501, 0.43120399, 0.47218001, 0.20285399, -0.857844, -0.75999999, 0.58671302, -0.27958399], "cam_t_m2c": [-222.71117593, -15.28861202, 1014.55820617], "obj_bb": [174, 209, 44, 55], "obj_id": 1, "kps": [196.0949324283207, 237.91035751185623, 164.71498705910207, 241.10029846515735, 183.10346749173152, 196.27195352471395, 203.76343906859043, 249.50817585649622, 222.308255555831, 206.82227496755712, 175.10403274745562, 262.10135854977983, 194.88898316202614, 215.119655950875, 215.8938979381896, 270.0477291283687, 235.82525627391223, 225.41911570372963]}]}, "53": {"img_name": "0053", "gt": [{"cam_R_m2c": [0.40910599, 0.83696002, 0.36349899, 0.36289999, 0.21626499, -0.90638399, -0.837219, 0.50272101, -0.215258], "cam_t_m2c": [-154.13826438, 5.09853571, 1060.88383112], "obj_bb": [219, 221, 40, 53], "obj_id": 1, "kps": [238.94535887424232, 249.4597101606505, 209.61226917885077, 255.04029359034075, 225.42206496702798, 210.41174760716044, 246.7666771842768, 263.16742826675545, 262.6827958098561, 220.2639893835665, 219.8338087264524, 271.33965909740886, 236.85004862482307, 224.19769862451957, 258.8410599289625, 279.3537799221024, 275.96005134366806, 234.13465802796009]}]}, "54": {"img_name": "0054", "gt": [{"cam_R_m2c": [0.422158, 0.83777797, 0.34628099, 0.352431, 0.200261, -0.91416001, -0.83521003, 0.50796002, -0.21071699], "cam_t_m2c": [-169.51872038, 1.47773073, 1064.37135128], "obj_bb": [211, 219, 41, 53], "obj_id": 1, "kps": [231.05833510720035, 247.56195497589533, 201.96376195772183, 253.81824233972316, 216.7815281176538, 208.92169178585456, 239.34766035703038, 261.32596170159, 254.2909374824987, 218.160618868854, 212.25137903283817, 269.5442313799767, 228.2032705100866, 222.11523912328167, 251.48390738204526, 276.9162339652348, 267.5603474418468, 231.4168689849437]}]}, "55": {"img_name": "0055", "gt": [{"cam_R_m2c": [0.21502601, 0.86663097, 0.45023799, 0.33849999, 0.36630601, -0.86673999, -0.91606897, 0.33877701, -0.214589], "cam_t_m2c": [-116.53667102, 15.93571994, 1065.58977664], "obj_bb": [238, 228, 42, 49], "obj_id": 1, "kps": [259.16311564262617, 254.88095848685717, 231.87479396236367, 257.02940725231537, 252.12060091485682, 214.95698014559608, 268.3285280542246, 271.1925995106557, 288.74253411366254, 230.3750626532468, 234.64619715135174, 272.37800046430135, 256.34229865619426, 227.7041744682822, 273.4349465025798, 287.09237998488953, 295.3181478977011, 243.83440736885782]}]}, "56": {"img_name": "0056", "gt": [{"cam_R_m2c": [0.192865, 0.87269902, 0.448553, 0.33153099, 0.37229499, -0.86688203, -0.92352098, 0.31590101, -0.21752401], "cam_t_m2c": [-121.91580038, 12.07081139, 1059.00653955], "obj_bb": [235, 226, 41, 49], "obj_id": 1, "kps": [255.88714993373645, 252.87469911278004, 228.96088302992024, 255.09159155177213, 249.15116133437706, 212.7620955510283, 265.8018995520897, 269.64944932541806, 286.2115318561719, 228.5315155435027, 230.55465863420997, 270.1065472104728, 252.18890261180118, 225.11552976323205, 269.82562644603064, 285.287551427652, 291.70697500195655, 241.66651042329934]}]}, "57": {"img_name": "0057", "gt": [{"cam_R_m2c": [0.0696814, 0.97393298, 0.215867, 0.67405802, 0.113551, -0.72989798, -0.73538399, 0.196367, -0.64857602], "cam_t_m2c": [-147.20989978, 41.71886626, 1010.505295], "obj_bb": [218, 244, 45, 54], "obj_id": 1, "kps": [240.10244005333993, 269.1241781031712, 218.6384722761897, 266.5129004724528, 223.6266903107484, 229.5878496020476, 260.3621567732596, 270.8643635464229, 267.71920443059435, 234.7478220526571, 215.72966684386745, 297.0649915939477, 220.829154811381, 259.88422771986683, 259.7790610944718, 301.1980489318831, 267.5273377629785, 264.8632824026458]}]}, "58": {"img_name": "0058", "gt": [{"cam_R_m2c": [-0.35302299, 0.92650199, 0.130261, 0.60574901, 0.33243999, -0.72287798, -0.71305197, -0.176287, -0.67858601], "cam_t_m2c": [0.42187959, -17.02807101, 1069.33439124], "obj_bb": [302, 212, 43, 48], "obj_id": 1, "kps": [324.1555201959256, 236.17965606255606, 311.0758034961665, 232.06961459255174, 316.63430642950107, 195.99899021608977, 347.62497204341264, 245.15088847104096, 355.40574938242173, 209.38371618427533, 296.1733960105186, 255.97113568444937, 301.1156693533551, 219.44575707132518, 334.385245280755, 270.02246197837064, 341.76420087397906, 233.87083608230654]}]}, "59": {"img_name": "0059", "gt": [{"cam_R_m2c": [-0.50319302, 0.85854101, 0.0985072, 0.55571502, 0.40876901, -0.723939, -0.661798, -0.30953899, -0.68279499], "cam_t_m2c": [76.78452503, -53.77915773, 1066.36449232], "obj_bb": [343, 192, 42, 47], "obj_id": 1, "kps": [365.19484198007393, 216.5444245678868, 354.5380857217825, 212.9853981084123, 361.07544242398546, 175.7458674525932, 389.5028507425659, 228.736031900012, 398.28029174927, 191.5846895408418, 335.7452439776083, 233.93618764968042, 341.45152466045926, 196.15159458954452, 371.9396824401408, 250.9069770672084, 380.0559629786505, 213.27850335715056]}]}, "60": {"img_name": "0060", "gt": [{"cam_R_m2c": [-0.54171699, 0.83907998, 0.0498795, 0.545524, 0.39610001, -0.738585, -0.639489, -0.37289301, -0.67231202], "cam_t_m2c": [94.22217206, -61.04763043, 1051.80535995], "obj_bb": [353, 187, 43, 49], "obj_id": 1, "kps": [375.49347856318366, 212.37273799424452, 366.06010689427495, 209.71253415455814, 370.9081060122213, 171.14325419489208, 401.25766602830674, 224.99401011518404, 408.3485824256605, 186.25667632838545, 345.9771603810967, 230.376989681408, 349.8323903928083, 191.21796713444246, 382.2538755885204, 246.94147077723557, 388.50135051193416, 207.66930993478024]}]}, "61": {"img_name": "0061", "gt": [{"cam_R_m2c": [-0.32221299, 0.94531298, 0.0506079, 0.60463101, 0.246636, -0.75735801, -0.728423, -0.213432, -0.65103501], "cam_t_m2c": [1.3968979, -88.26069365, 1070.70874846], "obj_bb": [303, 172, 43, 52], "obj_id": 1, "kps": [325.0779337289675, 198.62281966482317, 312.478075984328, 198.63843825020575, 314.2377182653272, 159.20695065087787, 349.78196145823614, 207.79832418244976, 353.67128156966095, 168.2670292736836, 298.8828849581351, 220.75404167755056, 299.942569227457, 180.4827320023758, 337.9116392755149, 230.73343001432812, 341.3091313642441, 190.39170431197005]}]}, "62": {"img_name": "0062", "gt": [{"cam_R_m2c": [-0.33956599, 0.93970603, 0.040584, 0.61309999, 0.25385499, -0.74810898, -0.713305, -0.22915, -0.66233402], "cam_t_m2c": [27.22501153, -92.93013384, 1018.25360956], "obj_bb": [317, 166, 44, 54], "obj_id": 1, "kps": [339.54628727421016, 193.73073536375665, 326.2025366789776, 193.5493343705267, 328.3407059923358, 152.208416190971, 365.34459490057054, 203.3320467219196, 369.8854174983251, 161.85146271502683, 311.9414269511867, 216.89287307410896, 313.3050200609903, 174.70797352168736, 352.92478955994915, 227.60825228877843, 356.93073192500646, 185.3195338689941]}]}, "63": {"img_name": "0063", "gt": [{"cam_R_m2c": [-0.45407701, 0.76559597, 0.45571601, 0.30793399, 0.61482197, -0.72606498, -0.83605701, -0.18935899, -0.514929], "cam_t_m2c": [-134.89467949, -52.81936333, 1067.13231313], "obj_bb": [226, 193, 43, 45], "obj_id": 1, "kps": [250.4741038887139, 217.08594038886474, 240.00156854563429, 214.10696346981715, 258.39274850957753, 177.58495743489058, 269.37393268530803, 238.2784406613968, 289.3179363275625, 202.32349939247786, 216.4382387081457, 225.