{"class": 2, "diam": 247.50624233, "obj_name": "benchvise", "img_path": "../../dataset/Linemod_preprocessed/data/02/rgb", "depth_path": "../../dataset/Linemod_preprocessed/data/02/depth", "mask_path": "../../dataset/Linemod_preprocessed/data/02/mask", "trainlist": "../../dataset/Linemod_preprocessed/data/02/train.txt", "testlist": "../../dataset/Linemod_preprocessed/data/02/test.txt", "gt_num": 1214, "0": {"img_name": "0000", "gt": [{"cam_R_m2c": [-0.0689421, 0.99749202, -0.0160435, 0.69675398, 0.0366344, -0.71637398, -0.71398997, -0.0605667, -0.697532], "cam_t_m2c": [16.07958566, -104.70886953, 1030.66843587], "obj_bb": [299, 143, 68, 119], "obj_id": 2, "kps": [333.52545036017693, 200.47749445616768, 308.15388464272735, 192.08052082250157, 303.6766906259424, 97.57115695897113, 366.98551878581776, 193.93711167302433, 371.2395385021733, 99.02541741643195, 297.37388710119654, 268.00299782205457, 290.2409907116369, 170.16324857683915, 364.9533352533191, 270.6839636939299, 369.6012401116489, 172.4872597747515]}]}, "1": {"img_name": "0001", "gt": [{"cam_R_m2c": [-0.0251046, 0.999313, 0.027249, 0.73721498, 0.0369163, -0.674649, -0.67519099, 0.00315161, -0.73763603], "cam_t_m2c": [-25.38269918, -45.68024636, 1020.52377915], "obj_bb": [275, 180, 70, 115], "obj_id": 2, "kps": [310.21670899043403, 232.39798601696288, 283.0634251001127, 215.95407391899712, 279.69736056352144, 127.90398611312209, 342.42741014690296, 218.15954184051668, 348.55079383074064, 130.4953489796358, 274.0751246239603, 300.9319054980517, 268.4648070528569, 213.95670474647417, 341.8447273568272, 303.41781048746594, 348.88782033300413, 216.94519409242346]}]}, "2": {"img_name": "0002", "gt": [{"cam_R_m2c": [-0.00992553, 0.99975801, 0.0196344, 0.79062498, 0.019868, -0.61197901, -0.612221, 0.00944924, -0.790631], "cam_t_m2c": [-17.2647342, -41.5830691, 1021.74064072], "obj_bb": [281, 182, 69, 114], "obj_id": 2, "kps": [314.9588078138698, 233.99089404505844, 286.6126203279934, 212.2870241729769, 282.376013016563, 130.14513458453627, 345.9955765729261, 213.49792921921713, 352.0486948221219, 131.66019358576503, 280.53863003591016, 302.3856297035803, 274.44453436369236, 225.75241821303922, 347.4455838636174, 303.650360091885, 354.707099902654, 227.37092995260423]}]}, "3": {"img_name": "0003", "gt": [{"cam_R_m2c": [0.0790606, 0.99559301, -0.0504442, 0.86946601, -0.0936206, -0.48504099, -0.48762599, -0.00551188, -0.87303501], "cam_t_m2c": [9.00061399, -31.6268308, 1001.74691234], "obj_bb": [298, 181, 70, 119], "obj_id": 2, "kps": [331.2238144304324, 237.85500568043403, 298.0694238862574, 208.9092781098229, 286.0304315151039, 138.6311177941352, 358.451848060224, 203.19886339131833, 358.47516936415275, 131.72990143711397, 304.6710671554807, 308.47097850309814, 292.6302777033222, 251.8745467059224, 371.13678073577154, 302.24967924937624, 374.0113768644022, 244.21169419256498]}]}, "4": {"img_name": "0004", "gt": [{"cam_R_m2c": [0.0879451, 0.99532503, 0.0399252, 0.86415702, -0.0562964, -0.50006402, -0.495478, 0.0784798, -0.86506802], "cam_t_m2c": [-86.55730734, 21.85327014, 954.47440521], "obj_bb": [238, 208, 73, 126], "obj_id": 2, "kps": [273.8750038872899, 269.3309915303859, 241.29686438275445, 235.23548557887793, 229.27062121013634, 164.5204501468891, 304.7035292265472, 231.741808443224, 305.9155754381967, 161.04109760455592, 243.19826194748165, 342.35163875641285, 230.0186962803229, 287.5776732217127, 313.35744429639976, 337.46127122723357, 316.7547408727395, 282.18861624639817]}]}, "5": {"img_name": "0005", "gt": [{"cam_R_m2c": [-0.0169464, 0.99815899, 0.0582287, 0.91867399, 0.0385307, -0.393132, -0.39465201, 0.046831, -0.91763699], "cam_t_m2c": [-101.45604653, -22.8437906, 917.4751003], "obj_bb": [223, 176, 76, 131], "obj_id": 2, "kps": [261.89567107688066, 241.44270223103882, 234.98660609711652, 198.06097939525986, 222.30414905378726, 129.95783066672425, 300.9336747901246, 200.82909416122118, 303.7346559312389, 133.82308052008534, 224.93684415228165, 311.03918669103405, 208.23197561060303, 264.9096242776311, 296.67926636721893, 313.38916954017435, 298.6847624483209, 268.2072136112273]}]}, "6": {"img_name": "0006", "gt": [{"cam_R_m2c": [-0.0267633, 0.99603802, 0.0848088, 0.90889198, 0.0595662, -0.41275501, -0.41617101, 0.0660354, -0.90688503], "cam_t_m2c": [-127.31001976, 5.08591421, 955.65736986], "obj_bb": [211, 195, 73, 126], "obj_id": 2, "kps": [248.67471099505843, 258.11558131282504, 223.72379462457198, 215.21660582246798, 213.07468655116813, 151.35739322336144, 287.3915525987179, 219.18306652811646, 290.83450035727225, 156.7636413790615, 211.38334913182214, 324.5570048062119, 196.5084801267308, 280.5484798066508, 280.7830209438833, 328.00701982310665, 282.9921612118913, 285.27482666795964]}]}, "7": {"img_name": "0007", "gt": [{"cam_R_m2c": [0.00041239, 0.994425, 0.10545, 0.91298801, 0.0426478, -0.405752, -0.407987, 0.0964418, -0.90788001], "cam_t_m2c": [-140.73842173, 24.56511477, 979.58581808], "obj_bb": [206, 207, 72, 123], "obj_id": 2, "kps": [242.66023534055856, 268.7922884838912, 216.16904060656543, 225.63590910885662, 206.92484142865885, 166.4573899602083, 278.7388064783661, 228.44680714357935, 283.01538762224567, 170.61837579697985, 206.89279935583676, 333.95488448507166, 194.4427688096036, 294.4962313655989, 274.85565784244864, 335.7806089135058, 278.6604111765261, 297.3047683394309]}]}, "8": {"img_name": "0008", "gt": [{"cam_R_m2c": [0.117519, 0.98656303, 0.113506, 0.94629699, -0.0765851, -0.314096, -0.30118299, 0.14432199, -0.942581], "cam_t_m2c": [-161.13265895, 83.56864979, 978.91730221], "obj_bb": [197, 236, 72, 124], "obj_id": 2, "kps": [231.7556507157545, 301.16574149742837, 197.75468563185635, 252.75735136707237, 184.28233960911166, 211.26090184435324, 260.9952321214091, 247.82579340060073, 262.04739142817783, 206.01288026957778, 203.73481783596506, 365.8682797308524, 190.69597982179675, 349.1814902477593, 270.7563460910801, 358.7550933619185, 274.2586011901451, 340.6858292527666]}]}, "9": {"img_name": "0009", "gt": [{"cam_R_m2c": [0.0414266, 0.99670601, 0.0697154, 0.97016197, -0.023444, -0.24132, -0.23889101, 0.0776323, -0.96793801], "cam_t_m2c": [-153.10765163, 82.71020039, 964.84440837], "obj_bb": [199, 233, 72, 126], "obj_id": 2, "kps": [235.47074662848195, 300.29036420076636, 206.82791918329326, 245.19776806527702, 188.18888336163397, 211.43499028438308, 270.95931827101964, 243.68317881485987, 267.8365465393168, 209.91785080187807, 205.8787260949739, 360.68875896258044, 185.83671241111827, 354.442106146591, 273.1654864425139, 358.05934078021465, 270.40999718224197, 351.21656209497434]}]}, "10": {"img_name": "0010", "gt": [{"cam_R_m2c": [0.0347455, 0.99640602, 0.0772564, 0.96040702, -0.0119086, -0.278346, -0.27642599, 0.0838688, -0.95736903], "cam_t_m2c": [-149.14252228, 66.58906858, 970.00043802], "obj_bb": [201, 225, 73, 125], "obj_id": 2, "kps": [237.97769955205715, 291.31397879502407, 209.67106940271782, 239.06833973454002, 193.28571220983977, 198.99155839702883, 273.35179070064146, 238.34590540971092, 272.0171473312643, 198.55563493146113, 207.16969361517252, 353.12019827702426, 188.9744873807401, 339.0273518875398, 274.48927469166637, 351.2470145517047, 273.34429398612843, 336.8573044940206]}]}, "11": {"img_name": "0011", "gt": [{"cam_R_m2c": [-0.17685699, 0.98364902, 0.0340074, 0.833251, 0.168027, -0.52674401, -0.52384597, -0.064822, -0.849343], "cam_t_m2c": [-99.77294132, 34.13247431, 983.36094948], "obj_bb": [227, 218, 71, 121], "obj_id": 2, "kps": [266.21771299965275, 275.75268397185715, 252.5809631141143, 237.92634802901367, 242.82611430386694, 167.38573247090616, 312.8398759999743, 248.29881251006358, 314.91507149333086, 179.21754200249237, 223.2405055493818, 338.13057315941916, 205.6424663085587, 280.3686100772807, 289.9713862448824, 350.43529382796, 287.1930549811705, 294.88699841403167]}]}, "12": {"img_name": "0012", "gt": [{"cam_R_m2c": [-0.209093, 0.97758102, 0.0248081, 0.76764101, 0.1798, -0.61514097, -0.605811, -0.109578, -0.78802699], "cam_t_m2c": [-92.31602491, 10.97366371, 1007.75186557], "obj_bb": [233, 210, 69, 115], "obj_id": 2, "kps": [271.5903814044798, 263.1452966194368, 260.44574691929074, 234.53600647269866, 252.3002947168555, 155.29279734390315, 318.8420323066418, 245.3495310431277, 320.88892220880814, 166.93448252028745, 227.34123997050975, 325.2867832850296, 211.3269557456324, 252.2307393458545, 292.76918092467264, 338.6679229879122, 289.82301970807265, 267.18743646200994]}]}, "13": {"img_name": "0013", "gt": [{"cam_R_m2c": [-0.133333, 0.99016201, -0.0424381, 0.69113702, 0.0622062, -0.72004199, -0.71031898, -0.12533601, -0.69263202], "cam_t_m2c": [-42.75302718, 18.82084359, 993.83819838], "obj_bb": [262, 216, 71, 118], "obj_id": 2, "kps": [300.42702181070496, 269.3454692203831, 283.57341782459565, 251.73767505915677, 271.93249626737327, 162.7805067195944, 343.6626632299513, 255.68551824993168, 341.0953841212671, 165.95953286749284, 260.746564195176, 338.64194963550466, 242.91836593943952, 249.18899224982508, 329.8220125469992, 344.55011032089135, 324.25976662641057, 254.53533631015512]}]}, "14": {"img_name": "0014", "gt": [{"cam_R_m2c": [-0.106752, 0.99190098, -0.0688252, 0.619407, 0.0121956, -0.78497499, -0.77777803, -0.12642799, -0.61569297], "cam_t_m2c": [-21.75462949, 34.67615521, 984.02492767], "obj_bb": [275, 221, 72, 124], "obj_id": 2, "kps": [312.8209956163251, 279.5326245892322, 293.6512517063844, 268.76960103328213, 280.8403460067533, 174.3529758384966, 354.56936914774025, 269.8904656514422, 349.84995879579026, 174.16102693997044, 274.70407967513825, 351.91905847396885, 256.28989205121854, 252.0221199514542, 345.96257726238315, 354.5701560349605, 338.8740057097112, 253.24169054937244]}]}, "15": {"img_name": "0015", "gt": [{"cam_R_m2c": [-0.0768874, 0.99252403, -0.0947887, 0.52611798, -0.0403684, -0.84945297, -0.846928, -0.115182, -0.519081], "cam_t_m2c": [-26.99409725, 69.15654676, 969.36571971], "obj_bb": [272, 238, 73, 130], "obj_id": 2, "kps": [310.1615374968425, 301.0581639207888, 290.2562443942752, 297.1649282485392, 274.53397888370324, 197.6127839565939, 352.1484129173918, 295.32102741937734, 343.27686965634547, 194.1563339808206, 273.3923724542203, 376.9409960148367, 251.88290682418727, 266.402293041134, 347.2120794899715, 375.940771507873, 335.65938348426255, 263.35631723710463]}]}, "16": {"img_name": "0016", "gt": [{"cam_R_m2c": [-0.089441, 0.99515301, -0.0408865, 0.50723201, 0.0101828, -0.86174899, -0.85715598, -0.0978147, -0.50568402], "cam_t_m2c": [-35.02051625, 6.68084329, 1007.55028614], "obj_bb": [268, 199, 71, 127], "obj_id": 2, "kps": [305.19926746914507, 263.56980116721235, 285.082121471187, 264.71749186682405, 275.9499844492751, 163.87314565401405, 345.05142358652773, 265.5716879865865, 342.221244766077, 163.6612195534124, 266.16943884974233, 333.26065884006084, 252.66278191428924, 219.66523903461623, 337.39757551803217, 335.1254899677143, 332.9597679247521, 220.18640017560827]}]}, "17": {"img_name": "0017", "gt": [{"cam_R_m2c": [-0.0525484, 0.99700898, -0.0566686, 0.50564498, -0.02237, -0.86245102, -0.86114001, -0.0739746, -0.50295699], "cam_t_m2c": [-49.04713248, -6.79699535, 1034.68341172], "obj_bb": [263, 192, 68, 125], "obj_id": 2, "kps": [298.4842224841136, 255.59528887208145, 278.0549693128061, 258.79137935280124, 266.6083789901536, 159.71822934480522, 336.7178452614802, 257.5924608836705, 331.23691169527655, 157.5590983039943, 262.8234906089955, 324.351313113312, 247.10520106436582, 212.74912771242606, 332.3254348924263, 323.5234872236024, 325.1410843827097, 210.67732339619252]}]}, "18": {"img_name": "0018", "gt": [{"cam_R_m2c": [0.0104487, 0.99929601, -0.0360193, 0.30400699, -0.0374907, -0.95193201, -0.95261198, -0.00100366, -0.304185], "cam_t_m2c": [75.76402151, 53.22180832, 1056.3003969], "obj_bb": [334, 221, 69, 126], "obj_id": 2, "kps": [366.62231557139773, 288.2925840329264, 333.75938836577143, 303.21046406175077, 330.2446665354033, 200.4173107225682, 392.21908184082685, 301.019090602511, 392.17030216486637, 198.0848323842215, 336.83523648772416, 354.0427821394127, 332.75892368553787, 231.98756397741312, 407.4654569474759, 351.40150779450664, 408.51165848141596, 229.13848572170735]}]}, "19": {"img_name": "0019", "gt": [{"cam_R_m2c": [0.00118961, 0.99954998, -0.0299867, 0.29855099, -0.0289742, -0.95395398, -0.95439303, -0.00781773, -0.29845101], "cam_t_m2c": [57.34850651, 90.71770892, 1029.92575451], "obj_bb": [324, 243, 70, 128], "obj_id": 2, "kps": [357.2824806055587, 310.3977753223674, 325.0693748578986, 323.1820274752922, 321.63602456165154, 218.92813416095575, 384.90933782145726, 321.5102523626843, 385.0365089244187, 217.06648612703748, 325.18121944025074, 379.0347437739914, 320.9662193528111, 254.8851169768816, 397.8613111174783, 377.0597176573776, 398.966688618053, 252.63306837149545]}]}, "20": {"img_name": "0020", "gt": [{"cam_R_m2c": [-0.0154574, 0.99941099, -0.0306398, 0.30624399, -0.0244387, -0.951639, -0.95182699, -0.0240932, -0.305686], "cam_t_m2c": [65.76173225, 83.36184163, 1007.35088411], "obj_bb": [328, 238, 72, 132], "obj_id": 2, "kps": [362.68666526562055, 307.7272193418793, 330.2093129040842, 320.308715387886, 326.94724706350945, 214.07479265055014, 391.26138202680227, 319.0142741961886, 391.7995633409002, 212.40945388770842, 329.25958265737535, 377.7178629532634, 325.15715335332123, 250.90589682691373, 403.68730007044195, 376.31968702656815, 405.31077916598855, 248.9718131835246]}]}, "21": {"img_name": "0021", "gt": [{"cam_R_m2c": [-0.0174981, 0.99943602, -0.028671, 0.28619, -0.0224691, -0.95790899, -0.958013, -0.0249669, -0.28563499], "cam_t_m2c": [78.03669212, 71.21634952, 1005.65513365], "obj_bb": [335, 231, 72, 132], "obj_id": 2, "kps": [369.729161528742, 300.9207339622919, 336.3779740992016, 315.7968357350232, 333.6868111663917, 208.37117338864172, 397.6244527774705, 314.6148118639675, 398.49260679032056, 206.8165966570915, 336.52418205116635, 369.9450340932462, 333.20625721112026, 240.97041348532895, 411.3464795611999, 368.6777405105238, 413.4099867568543, 239.16049225419567]}]}, "22": {"img_name": "0022", "gt": [{"cam_R_m2c": [-0.0197305, 0.999672, 0.0163172, 0.156937, 0.0192148, -0.98742199, -0.98741102, -0.0169216, -0.15726499], "cam_t_m2c": [79.57619105, 76.87120673, 1023.5911521], "obj_bb": [335, 229, 71, 132], "obj_id": 2, "kps": [369.2231186449069, 302.98849600356476, 334.73481035455524, 325.5120031614584, 336.86815376282357, 216.5344995767981, 395.5817370856588, 326.8337248297617, 399.6074909462146, 217.6951251440094, 334.28762540738245, 365.2675863588043, 336.90812564711507, 232.0524250175763, 409.0167326162292, 366.9787102510042, 414.51204761778104, 233.52363080545447]}]}, "23": {"img_name": "0023", "gt": [{"cam_R_m2c": [0.0401874, 0.99909502, -0.0139311, 0.137631, -0.0193444, -0.99029499, -0.98966801, 0.03788, -0.138284], "cam_t_m2c": [33.0993644, 69.1942701, 1035.17945559], "obj_bb": [310, 223, 70, 131], "obj_id": 2, "kps": [343.7560063253476, 298.0023894731433, 310.1033619128209, 323.5930664397442, 308.1383121654656, 214.95802315491744, 370.27216907857286, 322.1022390106449, 369.93208334294786, 213.87126969830655, 311.9368703302007, 360.1694555093254, 309.5724779106417, 227.29954135693973, 385.67325029131473, 358.16375503138795, 385.7642433657116, 225.89722775430178]}]}, "24": {"img_name": "0024", "gt": [{"cam_R_m2c": [-0.0274775, 0.99961001, -0.0049779, 0.202582, 0.00069203, -0.97926497, -0.97887999, -0.0279162, -0.20252199], "cam_t_m2c": [15.55467489, 70.36848508, 1046.3438736], "obj_bb": [299, 227, 69, 128], "obj_id": 2, "kps": [333.322015375497, 298.14190238829923, 304.8924377979585, 318.10317619056264, 303.5398676936181, 212.16382285457087, 364.30391661569604, 318.36510074070077, 365.28770188217936, 212.11657579153876, 296.91872228814844, 360.7234303611512, 294.87085291772814, 232.53891476737502, 369.3495409958539, 361.19369665878827, 370.8043821313084, 232.5563840818234]}]}, "25": {"img_name": "0025", "gt": [{"cam_R_m2c": [0.0904613, 0.99581099, 0.0133468, 0.34524399, -0.0187862, -0.93832499, -0.93414301, 0.08949, -0.34549701], "cam_t_m2c": [75.64251794, 128.96013765, 1045.94403261], "obj_bb": [335, 266, 69, 126], "obj_id": 2, "kps": [366.5879253267555, 330.2433180723037, 327.08191013554625, 337.3001632956074, 328.72629770501976, 236.8173566989617, 385.43287398592474, 335.32398040928473, 391.0310268925566, 235.69014447006992, 338.8799233058767, 400.61176005042796, 341.88333507736, 283.00363383140166, 408.99248622295164, 397.5344473444945, 417.78292172667415, 281.07582725215707]}]}, "26": {"img_name": "0026", "gt": [{"cam_R_m2c": [0.116217, 0.992235, 0.0443046, 0.43235299, -0.0103803, -0.901645, -0.89418399, 0.123941, -0.43020201], "cam_t_m2c": [115.33215938, 83.48618148, 1032.58925339], "obj_bb": [359, 243, 69, 125], "obj_id": 2, "kps": [388.5903448892619, 305.86276587461947, 343.62118718113834, 308.99864253350955, 350.41406048028284, 209.256214060326, 401.8531415076777, 307.5315858440576, 413.59746354208914, 209.0448607324252, 361.95258141766124, 377.0386659001588, 372.19479175709506, 262.75960306075666, 431.2380907020948, 374.24906679004977, 448.60251545670025, 261.60146054441486]}]}, "27": {"img_name": "0027", "gt": [{"cam_R_m2c": [0.0176429, 0.99882603, 0.0451208, 0.48875901, 0.0307527, -0.87187701, -0.87224001, 0.0374356, -0.487643], "cam_t_m2c": [113.58733758, 64.75478549, 1037.29931053], "obj_bb": [355, 234, 69, 123], "obj_id": 2, "kps": [386.61002277004366, 294.9782210458998, 347.46805941309765, 293.3761314259932, 354.9457516616587, 196.46884084532817, 406.06998633316925, 294.98947098047427, 419.32093134228546, 198.65125708109773, 353.85901758071185, 363.8828190848253, 363.6922613724091, 254.93442913885883, 423.46654666091104, 365.47800255626345, 441.59856179932706, 257.2780992482205]}]}, "28": {"img_name": "0028", "gt": [{"cam_R_m2c": [-5.849e-05, 0.99721402, 0.0745957, 0.53609103, 0.063002, -0.84180599, -0.84416002, 0.0399409, -0.53460199], "cam_t_m2c": [98.63743738, 90.88157552, 1024.59715353], "obj_bb": [346, 252, 70, 121], "obj_id": 2, "kps": [378.3689882764073, 309.851280504201, 339.7697117738559, 301.55952868168754, 350.2676019627, 207.71961305496853, 398.8213889479133, 305.0555058515687, 415.8091919996525, 212.03376948899148, 342.4311226643717, 379.5059582248113, 355.477390220022, 276.5637558637488, 412.27856058690827, 383.2604287969273, 434.5906629025065, 281.39123984159494]}]}, "29": {"img_name": "0029", "gt": [{"cam_R_m2c": [0.244728, 0.96816099, 0.0526496, 0.64744997, -0.122757, -0.75215602, -0.72174501, 0.218162, -0.65687901], "cam_t_m2c": [15.86858833, 48.56900408, 996.96499924], "obj_bb": [304, 232, 71, 119], "obj_id": 2, "kps": [334.50423603000684, 286.56810383106097, 287.24446455861744, 276.8335650526668, 288.3897910339971, 186.23347442822563, 346.324280464301, 268.6410371275082, 355.82027878775074, 179.249366840178, 312.08787613903183, 364.2707037959929, 317.74141193157243, 271.8706832766381, 379.6653774623672, 352.49457640393564, 396.46461274090615, 260.9769073489598]}]}, "30": {"img_name": "0030", "gt": [{"cam_R_m2c": [0.25410599, 0.96525002, 0.0610196, 0.687361, -0.135846, -0.71349901, -0.68041497, 0.22324701, -0.69799501], "cam_t_m2c": [9.37794141, 23.46025272, 978.8317819], "obj_bb": [300, 218, 72, 120], "obj_id": 2, "kps": [330.8289073714211, 272.3810636725454, 282.38660677017884, 260.50830761670693, 283.5274435692663, 170.1110324208816, 342.3439668804038, 251.7574295846764, 352.73567006583653, 162.49132274924204, 308.2823776993833, 351.1050735062009, 314.4929515836982, 261.45511371740736, 376.36920720298514, 338.58902385652016, 394.75604007749496, 249.55869783987993]}]}, "31": {"img_name": "0031", "gt": [{"cam_R_m2c": [0.209786, 0.97506702, 0.0723513, 0.749749, -0.112928, -0.65201497, -0.62758797, 0.191029, -0.75474602], "cam_t_m2c": [26.18878031, 65.51578423, 964.34461657], "obj_bb": [309, 241, 72, 122], "obj_id": 2, "kps": [340.23133956362824, 296.6936347081535, 292.16756654729164, 274.8439181448315, 296.01421731102926, 193.11946913983982, 353.22866914923435, 267.1594336695966, 367.50566710717044, 186.09047843241277, 314.2987690961333, 375.25860714919656, 323.36281550021783, 300.47355677512536, 383.17897302421426, 364.1662568509609, 405.8049536759926, 289.26487101080244]}]}, "32": {"img_name": "0032", "gt": [{"cam_R_m2c": [0.21160699, 0.97147602, 0.107038, 0.80694699, -0.111872, -0.57993197, -0.55141503, 0.20909201, -0.807603], "cam_t_m2c": [15.44336388, 49.4236879, 964.45539399], "obj_bb": [302, 228, 72, 124], "obj_id": 2, "kps": [333.340931021824, 286.2679162606047, 284.5034117420013, 259.1783161610058, 291.2465634124789, 183.36101086348805, 345.645530382835, 251.84176551213076, 363.63518083411924, 176.69081601975938, 306.1950046844898, 363.02474189582296, 318.7187243542649, 298.8849673310142, 374.01341905323716, 352.19192849379994, 400.6459044932398, 287.7080453944343]}]}, "33": {"img_name": "0033", "gt": [{"cam_R_m2c": [0.21704599, 0.96954799, 0.113438, 0.808626, -0.11348, -0.57727599, -0.54682302, 0.217024, -0.808631], "cam_t_m2c": [6.60104466, 59.76838833, 973.41427401], "obj_bb": [297, 234, 71, 122], "obj_id": 2, "kps": [328.08691763725426, 291.81535887476224, 279.62741351816743, 264.21501737859097, 286.2377688778145, 190.36261097643302, 340.31104170748944, 256.7059612931936, 357.9903263671823, 183.5023237374772, 301.2581343272442, 367.9012636192173, 313.55127356113843, 305.9705405382019, 368.4202212071223, 356.8230606689534, 394.5291805269281, 294.5017131103615]}]}, "34": {"img_name": "0034", "gt": [{"cam_R_m2c": [0.15145899, 0.98267603, 0.106808, 0.80009103, -0.0584257, -0.597027, -0.58044398, 0.175881, -0.79507899], "cam_t_m2c": [9.12370435, 73.66700303, 990.38563366], "obj_bb": [298, 242, 70, 121], "obj_id": 2, "kps": [329.170778927506, 299.18500921354587, 285.3267935440776, 270.7130368193854, 292.07819594064114, 197.2774816942144, 345.62569625173364, 266.63119257211287, 363.0014357486607, 194.07821226815526, 298.96687990885226, 372.834853331708, 309.6041013625438, 309.7890788213249, 366.3398835817603, 366.1210702452475, 390.5156050994588, 303.286735443295]}]}, "35": {"img_name": "0035", "gt": [{"cam_R_m2c": [0.0263161, 0.99839199, 0.0502056, 0.74014401, 0.0142983, -0.672297, -0.671933, 0.0548515, -0.73857701], "cam_t_m2c": [43.60798238, 66.21370463, 1013.08191254], "obj_bb": [315, 242, 70, 116], "obj_id": 2, "kps": [348.4686364537545, 294.76528640514425, 312.67954919221546, 271.28089504039644, 316.94115964731674, 191.50485443064366, 372.2770225250341, 271.9680977024154, 386.0929292347195, 192.83161509160766, 314.07942961913363, 365.3520848448791, 319.32722468388164, 289.87795626138234, 382.09380917732216, 365.52300786916373, 400.07334630142617, 290.66556720441235]}]}, "36": {"img_name": "0036", "gt": [{"cam_R_m2c": [0.0644469, 0.99634498, 0.056072, 0.85506302, -0.0261641, -0.51786399, -0.514503, 0.0813198, -0.85362399], "cam_t_m2c": [12.0869292, 61.61253375, 983.84929917], "obj_bb": [298, 232, 71, 123], "obj_id": 2, "kps": [331.18825970653353, 291.5039506038429, 293.94185714636114, 256.1912855308084, 295.1923164822893, 189.7291092259255, 355.28733885661535, 254.46110963713946, 368.61097537163414, 188.3508456698296, 298.3475200248109, 361.7329582782677, 300.7596402712242, 310.2056492765784, 366.27880039385474, 358.7974617156355, 383.81484863748005, 307.2234665191497]}]}, "37": {"img_name": "0037", "gt": [{"cam_R_m2c": [0.109498, 0.991732, 0.0669201, 0.92765099, -0.0777758, -0.36526099, -0.35703599, 0.102074, -0.92849702], "cam_t_m2c": [2.60732307, 81.48708202, 991.28628723], "obj_bb": [293, 237, 70, 123], "obj_id": 2, "kps": [325.8749973008612, 300.07602893582623, 286.1149376598079, 255.43408628014194, 286.58120890103345, 208.52093017999155, 347.3363152965672, 250.51043761620153, 361.1477362105568, 203.14817229221978, 296.13319663018825, 365.86896445646755, 299.0581225823521, 341.3133764655848, 361.68081227053244, 359.2931242662151, 380.14231618733305, 333.5309585034931]}]}, "38": {"img_name": "0038", "gt": [{"cam_R_m2c": [0.34896001, 0.93380702, 0.0789332, 0.87722701, -0.295858, -0.378075, -0.32969701, 0.201176, -0.92240399], "cam_t_m2c": [57.5695071, 93.51405641, 968.16524224], "obj_bb": [323, 246, 78, 122], "obj_id": 2, "kps": [358.94652756630427, 308.3724218357524, 301.36471074983933, 272.71614193145547, 307.06768417812225, 226.2435611669068, 360.19234581579224, 253.5335785265795, 378.7573924308574, 204.06246449951024, 341.8724989435606, 381.0765382565264, 358.07847524883016, 357.3418239177398, 403.74962608973584, 358.0506217692147, 434.32804294921215, 329.48201023246247]}]}, "39": {"img_name": "0039", "gt": [{"cam_R_m2c": [0.39927301, 0.91503298, 0.0574047, 0.80914402, -0.32224301, -0.49137199, -0.43112299, 0.24264, -0.86905599], "cam_t_m2c": [93.59759146, 127.12552665, 946.37244203], "obj_bb": [343, 270, 83, 124], "obj_id": 2, "kps": [381.83548619362546, 331.5562982819513, 319.1250724379485, 302.6490232167655, 325.9669581941394, 245.68707655148876, 377.1552159451504, 280.60500661395037, 395.9041427087141, 220.88176578764075, 368.81763992548287, 410.4857560725772, 388.46282245072945, 372.85366180099743, 430.73528303229006, 383.25555537562445, 464.0814579186455, 340.64428015664316]}]}, "40": {"img_name": "0040", "gt": [{"cam_R_m2c": [0.416807, 0.90675098, 0.0638298, 0.78332698, -0.32267201, -0.53130198, -0.461162, 0.27145001, -0.84477401], "cam_t_m2c": [98.60989273, 123.099274, 945.07527264], "obj_bb": [345, 270, 85, 123], "obj_id": 2, "kps": [384.9521467611427, 329.923823665521, 320.67227568513255, 304.4839599833871, 328.76407487201317, 242.05057846641722, 378.0979942253364, 282.185743123734, 397.48474487925154, 217.5014259933872, 373.16856063439434, 410.6194021337473, 394.6615416372715, 365.31147666382856, 434.5512682529352, 382.6187186582814, 469.06469130739333, 332.804865363515]}]}, "41": {"img_name": "0041", "gt": [{"cam_R_m2c": [0.438822, 0.89737999, 0.0463156, 0.70656401, -0.31275001, -0.63478702, -0.55515999, 0.31128299, -0.77129799], "cam_t_m2c": [144.03280044, 51.84524468, 971.03953498], "obj_bb": [369, 235, 86, 116], "obj_id": 2, "kps": [410.35143816094126, 287.827736953881, 344.5524130129198, 275.7069402619089, 354.3457347836114, 195.70239378587468, 399.0809991923083, 255.31384880686556, 418.04952989515084, 174.87788088732574, 402.37578211648184, 369.3095881694688, 425.73787907593396, 297.058169016752, 461.17677756212083, 343.011434076134, 495.2597475326672, 268.73779383062066]}]}, "42": {"img_name": "0042", "gt": [{"cam_R_m2c": [0.43626699, 0.89697599, 0.0714522, 0.70436299, -0.29100999, -0.64744598, -0.55994999, 0.33278799, -0.75875401], "cam_t_m2c": [104.32169626, 10.63359892, 982.31797268], "obj_bb": [346, 213, 84, 113], "obj_id": 2, "kps": [386.21806506619794, 263.85372777442393, 322.5624505626663, 254.20725439458695, 331.6390591531369, 169.60719509253158, 377.24234906156715, 236.0321759007314, 395.2345498474933, 151.84544831402428, 376.91536118230084, 344.1650746159116, 398.3874389710038, 265.38029093809604, 435.885333870051, 320.29212968775266, 467.77273454246256, 240.5999412009891]}]}, "43": {"img_name": "0043", "gt": [{"cam_R_m2c": [0.442633, 0.89510202, 0.0535564, 0.67137599, -0.29122299, -0.68150097, -0.59441602, 0.33761099, -0.729855], "cam_t_m2c": [108.57330795, 16.0961342, 965.69436848], "obj_bb": [349, 215, 86, 116], "obj_id": 2, "kps": [390.16432486248533, 267.82844874915406, 325.4870020538791, 261.1133693246415, 332.76509477277716, 172.09481753182328, 380.7096990384336, 242.41369939207777, 396.7931654752352, 154.08327821832424, 382.3730663062098, 350.06875566309554, 402.1894452815161, 264.58737117018467, 442.3243391638515, 325.32572400883555, 472.57325429209646, 239.3151865651783]}]}, "44": {"img_name": "0044", "gt": [{"cam_R_m2c": [0.452499, 0.89055002, 0.0465379, 0.64045399, -0.28822199, -0.71186203, -0.62053502, 0.35192201, -0.70077598], "cam_t_m2c": [113.876816, 23.58616659, 944.15708694], "obj_bb": [353, 217, 88, 121], "obj_id": 2, "kps": [395.0637380297891, 273.26162292328706, 328.32939452493457, 269.0350144801059, 335.24978173490314, 175.43185656736654, 384.2029250030712, 249.83360363232987, 399.80254980378896, 157.3414272636719, 388.66371759862835, 357.8512161929291, 408.68299228262254, 265.6976934962073, 449.54998802890833, 332.1115162155573, 479.9162508529428, 239.95095834399822]}]}, "45": {"img_name": "0045", "gt": [{"cam_R_m2c": [0.46352899, 0.88555598, 0.0305141, 0.59509897, -0.28560999, -0.75118798, -0.65650398, 0.36635599, -0.659383], "cam_t_m2c": [116.77412046, 35.30075482, 929.97354197], "obj_bb": [355, 221, 91, 127], "obj_id": 2, "kps": [398.36364712227646, 281.3273703441674, 330.42903737946773, 280.7710178953939, 335.48364419473864, 182.62308054909025, 386.6064501526749, 260.96983620924567, 399.972199229939, 164.4173057843994, 394.1724985963124, 367.76820864402094, 412.22580477998383, 267.90644849379765, 455.7055232934315, 340.955994227479, 483.76467196193926, 241.8098152871007]}]}, "46": {"img_name": "0046", "gt": [{"cam_R_m2c": [0.48711899, 0.87254202, 0.0372188, 0.60549003, -0.306705, -0.73438001, -0.62936199, 0.38026601, -0.67771697], "cam_t_m2c": [79.79010247, 6.31648513, 874.20694857], "obj_bb": [334, 200, 95, 135], "obj_id": 2, "kps": [379.07362091517945, 264.78115705064994, 307.981575898308, 265.30672615997486, 310.47398974326734, 159.97189459054667, 367.2951241743208, 243.64997235734745, 379.55784330380874, 140.17916466224838, 375.37403390751433, 356.3333844095995, 392.4814330693674, 249.92338967734915, 440.13987067526614, 326.7577668635346, 468.95052855062096, 221.05351694789752]}]}, "47": {"img_name": "0047", "gt": [{"cam_R_m2c": [0.50359601, 0.86144, 0.0656631, 0.59978998, -0.293908, -0.74422401, -0.62180603, 0.41417301, -0.66469401], "cam_t_m2c": [124.04773398, -38.46426776, 946.82215045], "obj_bb": [356, 174, 92, 127], "obj_id": 2, "kps": [401.02800871713475, 236.4330402822642, 330.68193549037636, 240.10910453007637, 340.55110140033497, 137.5216592196367, 384.4693786574755, 221.72456037986095, 401.9419204644555, 121.7207807795347, 398.49855193577014, 319.82726988278597, 422.7148291973668, 214.5129807625033, 456.16206081223936, 294.8074689912809, 489.0162826867171, 191.49567234235204]}]}, "48": {"img_name": "0048", "gt": [{"cam_R_m2c": [0.61067998, 0.79110497, 0.0349688, 0.50367302, -0.35396799, -0.78804803, -0.61105102, 0.49885899, -0.61461902], "cam_t_m2c": [80.27211356, -125.33203849, 993.64904065], "obj_bb": [329, 120, 91, 126], "obj_id": 2, "kps": [373.89523652819526, 187.27327459739877, 305.62494280089237, 204.5843826324185, 307.43817575416466, 96.21008319639203, 354.3343744886447, 185.17612782550316, 362.46384915918475, 80.68509120112141, 381.0838336312354, 264.04614759843327, 395.44606854754693, 148.12485286102148, 431.5797069762393, 238.61949443505753, 452.60672861735475, 126.75988776407637]}]}, "49": {"img_name": "0049", "gt": [{"cam_R_m2c": [0.59444201, 0.80213499, 0.056734, 0.51869202, -0.328563, -0.789307, -0.61448997, 0.498624, -0.61137199], "cam_t_m2c": [81.95608551, -97.9143959, 1000.20447809], "obj_bb": [330, 138, 89, 125], "obj_id": 2, "kps": [374.06553849677107, 203.27543221903088, 305.9368328925872, 217.48832705891073, 310.61497645215087, 111.58043299937552, 355.0161547928023, 199.0403999859136, 365.8114555995197, 96.9783429332064, 378.9038170927307, 280.2394942228342, 396.02425034028545, 167.61526584828096, 429.9909613017123, 255.72440371364016, 453.5896824700942, 147.06181827743515]}]}, "50": {"img_name": "0050", "gt": [{"cam_R_m2c": [0.58121902, 0.81155801, 0.0596494, 0.58997601, -0.369771, -0.71777201, -0.56045699, 0.45237499, -0.69371802], "cam_t_m2c": [97.04844295, -35.43744358, 994.77554893], "obj_bb": [339, 181, 89, 117], "obj_id": 2, "kps": [382.6046047288115, 237.94969259627348, 314.0500913234918, 243.2000461933042, 320.12980020148916, 148.4549326061124, 363.4301077043474, 220.84413878169494, 376.6431610589111, 127.90697677177509, 385.67374838306284, 317.5939192634406, 405.76213699964904, 222.69374423438992, 437.0003176120491, 288.68393558990203, 464.6581500966926, 194.7218671664151]}]}, "51": {"img_name": "0051", "gt": [{"cam_R_m2c": [0.43435699, 0.90028697, -0.028581, 0.50988001, -0.271909, -0.81614202, -0.74253398, 0.33992401, -0.57714403], "cam_t_m2c": [159.02164809, 22.11661358, 1028.7608678], "obj_bb": [378, 211, 81, 120], "obj_id": 2, "kps": [415.7403228594147, 270.97578334685466, 355.3202641407133, 278.53007761920827, 355.5318747972269, 182.81489253985706, 406.920140223432, 261.33139293828236, 413.2518229201844, 167.2920174787853, 414.2694169802711, 348.05060063220697, 423.1534073423905, 244.78960569712623, 471.50641831949093, 325.39650231461206, 487.9835144550597, 223.6900289016366]}]}, "52": {"img_name": "0052", "gt": [{"cam_R_m2c": [0.36232799, 0.92986602, -0.0637719, 0.510773, -0.255326, -0.82092601, -0.779634, 0.264871, -0.56746203], "cam_t_m2c": [151.65911869, 42.42077721, 994.87999376], "obj_bb": [379, 223, 80, 123], "obj_id": 2, "kps": [414.78755448232675, 283.66234187888256, 357.27799527594595, 289.4397668406654, 353.25728033522415, 192.08364876628312, 412.42693653564015, 272.69880261413954, 415.1799888970313, 176.36695647938296, 409.64742491660525, 363.79478341626236, 412.64758634271857, 257.89474053797124, 472.4618234223087, 341.78211000234205, 484.39462519853157, 236.66535752866028]}]}, "53": {"img_name": "0053", "gt": [{"cam_R_m2c": [0.31532601, 0.94898301, 0.00020615, 0.40885401, -0.135657, -0.90246099, -0.85639203, 0.28465399, -0.43077201], "cam_t_m2c": [106.50302473, 124.29734222, 1035.42213576], "obj_bb": [353, 266, 74, 124], "obj_id": 2, "kps": [385.48612868595774, 328.127472771396, 332.5085147931785, 334.93434179807304, 333.17716174526345, 236.36781815475007, 387.8114451566483, 324.2805068569534, 393.2200563710878, 227.910985796194, 373.89259841894204, 404.5465117688209, 379.1543837527254, 292.74609363698534, 437.90753696681986, 389.543692269569, 449.59526184658125, 280.43720587409126]}]}, "54": {"img_name": "0054", "gt": [{"cam_R_m2c": [0.24234299, 0.97004998, -0.0165033, 0.42124701, -0.120531, -0.89890099, -0.87396902, 0.21089, -0.43784001], "cam_t_m2c": [168.77424834, 44.07818438, 1027.02787588], "obj_bb": [388, 219, 74, 126], "obj_id": 2, "kps": [420.3901598391237, 284.17623612910063, 367.50609680437015, 293.9329785981645, 369.37864616378994, 191.9518567610898, 423.82437297912855, 285.6789192093174, 430.63406984846335, 185.38070640253264, 406.6400843628244, 357.86965022339797, 413.2292456267395, 240.8866683861952, 472.62931773774915, 346.39634666882154, 486.0923973950487, 231.5346301062461]}]}, "55": {"img_name": "0055", "gt": [{"cam_R_m2c": [0.25406101, 0.96601999, -0.0475282, 0.328942, -0.132513, -0.93500698, -0.90953302, 0.22191501, -0.35143101], "cam_t_m2c": [175.14043202, -12.6719384, 1015.71406872], "obj_bb": [393, 181, 76, 131], "obj_id": 2, "kps": [425.912106313141, 252.7717566361251, 372.55897356555516, 273.5298013012744, 370.37178533483643, 164.98836895269565, 429.25700013638726, 264.8555784387827, 431.13956510191076, 158.3956756889268, 415.67304495514753, 323.24617041877747, 416.8309520009886, 194.53528379595494, 482.6380200398353, 311.43086400418065, 489.54562390673874, 185.59864218310673]}]}, "56": {"img_name": "0056", "gt": [{"cam_R_m2c": [0.26194701, 0.96508199, -0.00120296, 0.34290001, -0.0942366, -0.93463302, -0.90210998, 0.244412, -0.35561201], "cam_t_m2c": [169.65971832, 4.98756927, 998.46146579], "obj_bb": [389, 192, 79, 132], "obj_id": 2, "kps": [423.74768474352027, 263.1602399792756, 367.5553807733804, 281.1213982444641, 370.5778520168427, 171.14999655631536, 425.0134553091765, 274.3800480161917, 432.1354582709341, 166.97418829140074, 411.39675091964085, 335.1785314732108, 419.1505609616455, 204.93277686511848, 479.19232447327386, 325.3782249959742, 492.71403852963334, 198.68346577019992]}]}, "57": {"img_name": "0057", "gt": [{"cam_R_m2c": [0.191025, 0.97632903, -0.101448, 0.31835201, -0.15938701, -0.93447697, -0.928527, 0.146212, -0.341263], "cam_t_m2c": [160.46151353, 74.14284648, 991.4461713], "obj_bb": [390, 233, 73, 133], "obj_id": 2, "kps": [420.4712687392835, 303.20528994262514, 372.023806889723, 319.90461487900495, 363.1839027620164, 212.96935127388366, 431.13807870272325, 308.895810986218, 426.6101026178612, 202.97738169032493, 407.8415563455307, 379.66639071604163, 400.0805871535773, 252.68358012036546, 478.9001745181476, 365.1709110886489, 477.46624448297985, 239.55234190968105]}]}, "58": {"img_name": "0058", "gt": [{"cam_R_m2c": [0.52464199, 0.80047601, -0.28980699, 0.25915501, -0.47443399, -0.84127897, -0.81091899, 0.36626601, -0.45635599], "cam_t_m2c": [48.26440249, 16.21025833, 995.25879428], "obj_bb": [320, 197, 90, 124], "obj_id": 2, "kps": [360.8325427253677, 267.61322483847925, 312.22554146271034, 298.5887749338934, 274.907898677196, 199.40153871144648, 361.06722340930423, 267.69667048432893, 329.96407814243696, 169.7736462688413, 379.0177799406513, 343.4241431459197, 341.89324499481955, 228.84653912976532, 433.5327500366975, 304.9786108670061, 404.49337234331585, 191.83756781424992]}]}, "59": {"img_name": "0059", "gt": [{"cam_R_m2c": [0.51162899, 0.81633198, -0.26802599, 0.308346, -0.46561399, -0.82953399, -0.80197197, 0.34176901, -0.489934], "cam_t_m2c": [169.95434736, -21.09140888, 976.30632819], "obj_bb": [386, 174, 98, 128], "obj_id": 2, "kps": [431.9526761661109, 246.39502801554033, 374.6023713985542, 276.09066091568025, 345.9060787484541, 174.15431064528997, 422.8594218936667, 246.23130172583186, 400.3606201693901, 145.30044354232922, 452.3002159599391, 323.8076569037113, 427.7607768215542, 206.53665807304532, 505.8567000151112, 286.53251523044054, 489.22846002176084, 170.2849517518974]}]}, "60": {"img_name": "0060", "gt": [{"cam_R_m2c": [0.52192599, 0.81459099, -0.25305301, 0.249626, -0.42954201, -0.86786002, -0.81564701, 0.38979, -0.427531], "cam_t_m2c": [157.69069763, -47.89564359, 1034.63420473], "obj_bb": [376, 160, 92, 123], "obj_id": 2, "kps": [419.2235126422046, 231.61053678180156, 364.9985060918024, 265.36020913606654, 338.3295589353471, 163.61376931830995, 411.0341117654139, 239.2723122600188, 389.44510964682985, 139.6957132928263, 438.6432316693542, 301.4282137620319, 414.50486960162874, 183.11273744568027, 489.20063703279976, 269.14537655910317, 471.43897180264537, 153.6359795077336]}]}, "61": {"img_name": "0061", "gt": [{"cam_R_m2c": [0.56523299, 0.790169, -0.236948, 0.249496, -0.43753001, -0.86389798, -0.78629702, 0.42918599, -0.44444999], "cam_t_m2c": [167.91226487, -77.63924639, 966.15164563], "obj_bb": [383, 134, 102, 133], "obj_id": 2, "kps": [431.8141525972439, 213.2356293249927, 370.48207164977475, 251.07184558080812, 344.5104852052443, 140.58476678425765, 417.3360544526492, 223.49081791871384, 397.1284872789985, 116.00736179790067, 456.15715095982534, 286.9062527536708, 435.0841458162198, 157.51911654673563, 506.63441305996326, 252.47432437200104, 492.57678582219046, 127.05701283389251]}]}, "62": {"img_name": "0062", "gt": [{"cam_R_m2c": [0.77702302, 0.615915, -0.129939, 0.27966899, -0.52272201, -0.80532402, -0.56393301, 0.58941501, -0.57841998], "cam_t_m2c": [-42.4137191, -95.28593293, 1025.79106602], "obj_bb": [259, 134, 99, 120], "obj_id": 2, "kps": [308.46359554592607, 204.55388247564497, 248.46559241227138, 239.34748282379752, 222.0629675968721, 136.34212463691776, 289.3408039171844, 208.70549124454192, 269.6269947400633, 109.01383286511543, 335.7027420643313, 273.8726524051838, 318.38061486783073, 161.45633743789395, 375.3619017779189, 237.39937907628385, 364.736049271015, 128.6582795085836]}]}, "63": {"img_name": "0063", "gt": [{"cam_R_m2c": [0.70807397, 0.69321501, -0.134477, 0.23035499, -0.40678099, -0.88400501, -0.66750801, 0.59496403, -0.44771701], "cam_t_m2c": [-14.05515354, -36.0604699, 1040.02371879], "obj_bb": [278, 167, 94, 121], "obj_id": 2, "kps": [323.7628696201651, 238.31634926868182, 265.26875804634625, 273.083098400354, 243.07728433868772, 167.68967484821934, 309.2837507202521, 247.45943159824122, 292.48980665772274, 146.72774763787842, 345.5784178079925, 306.6876869691193, 328.70530321762726, 187.84483586747712, 390.0813796374601, 275.2494305282143, 379.065805620736