{"class": 4, "diam": 172.49224865, "obj_name": "cam", "img_path": "../../dataset/Linemod_preprocessed/data/04/rgb", "depth_path": "../../dataset/Linemod_preprocessed/data/04/depth", "mask_path": "../../dataset/Linemod_preprocessed/data/04/mask", "trainlist": "../../dataset/Linemod_preprocessed/data/04/train.txt", "testlist": "../../dataset/Linemod_preprocessed/data/04/test.txt", "gt_num": 1201, "0": {"img_name": "0000", "gt": [{"cam_R_m2c": [-0.061734, 0.99215603, -0.108696, 0.77404898, -0.0211604, -0.63277203, -0.630108, -0.123199, -0.76667202], "cam_t_m2c": [103.57929656, 49.49001985, 1040.43577706], "obj_bb": [344, 228, 77, 84], "obj_id": 4, "kps": [383.1602881452238, 265.1703435864087, 346.6755430345379, 257.2190581972015, 342.307579772466, 223.71531335965602, 419.9839677237094, 255.89976755579045, 420.99291251827674, 221.7281461219445, 343.8181475733122, 316.5454429814093, 338.8339772051937, 284.78401220074653, 423.22362804802907, 316.1333684200432, 424.586756266979, 283.74941679995953]}]}, "1": {"img_name": "0001", "gt": [{"cam_R_m2c": [-0.00571715, 0.99004102, -0.140662, 0.82359397, -0.0751175, -0.56218302, -0.56715101, -0.119063, -0.81496298], "cam_t_m2c": [145.43133945, -4.09773472, 991.7860393], "obj_bb": [367, 195, 82, 89], "obj_id": 4, "kps": [409.46911049704505, 234.99342990605425, 368.7679714377047, 227.8410909840761, 364.23096750161176, 194.20824341635333, 445.7195883663158, 221.81608074976182, 447.5278529359519, 187.09645413739537, 371.685522236863, 291.13816846886255, 367.0261020249065, 260.3049723277008, 454.7397546445463, 285.7331136781054, 457.5207369492798, 253.82887576047247]}]}, "2": {"img_name": "0002", "gt": [{"cam_R_m2c": [-0.0442503, 0.99370801, -0.10289, 0.87970197, -0.010052, -0.475418, -0.473461, -0.11155, -0.87372297], "cam_t_m2c": [156.96794985, -7.05023597, 987.3721018], "obj_bb": [375, 194, 82, 88], "obj_id": 4, "kps": [416.6966069349096, 232.48691751534912, 375.52397104437176, 219.27321187378536, 373.99377521179963, 189.38499855117885, 453.3518266001465, 218.14780702691667, 458.85725734415763, 187.6647812837696, 375.31606190265086, 286.2914033452184, 373.65827981105747, 260.7017467641824, 458.2222649242178, 286.1715619872202, 464.5956383293266, 260.1181828870006]}]}, "3": {"img_name": "0003", "gt": [{"cam_R_m2c": [-0.0648283, 0.99353802, -0.0931664, 0.892474, 0.0159597, -0.45081699, -0.446417, -0.112374, -0.88774103], "cam_t_m2c": [161.66895532, 2.29744883, 984.95752202], "obj_bb": [378, 199, 83, 89], "obj_id": 4, "kps": [419.77711040511855, 237.6470734093756, 378.7061758118322, 222.08688578227788, 378.1020866956916, 193.7211126510221, 456.8426333592399, 223.02644984967878, 463.4686401092676, 194.27421070450424, 376.90824612639943, 290.3400816046098, 376.08925312968205, 266.7229729200938, 459.82559009780084, 292.444444674894, 467.19494499973484, 268.61459332777656]}]}, "4": {"img_name": "0004", "gt": [{"cam_R_m2c": [-0.0851984, 0.99353999, -0.0749592, 0.91091597, 0.0471889, -0.40988401, -0.40369901, -0.103203, -0.90905201], "cam_t_m2c": [164.34705165, 9.75731611, 985.31215122], "obj_bb": [380, 204, 83, 88], "obj_id": 4, "kps": [421.42257326713775, 241.63715923900247, 380.5081274222692, 223.07412980221366, 381.2624147841896, 197.05310096931356, 458.6656079772937, 226.49042096238676, 466.8704957238552, 200.39438145401968, 376.9299826713744, 292.67756020091406, 377.3739960326945, 272.01115533694235, 459.36353167185206, 297.31460392559063, 468.13925596927777, 276.7792598965258]}]}, "5": {"img_name": "0005", "gt": [{"cam_R_m2c": [0.0649333, 0.99307603, -0.0978917, 0.950351, -0.0914593, -0.297438, -0.304331, -0.0737178, -0.949709], "cam_t_m2c": [127.35999516, -6.61780744, 937.32659071], "obj_bb": [358, 190, 87, 93], "obj_id": 4, "kps": [402.8400190113201, 230.75336711931968, 357.4291772497804, 213.64688142969368, 354.6322509674838, 191.96255009870168, 439.0270000890858, 205.8487374776133, 444.8017261946057, 183.0895147721274, 364.04818395908603, 289.2621211097416, 361.8409206721988, 274.80261768053145, 449.25756651286764, 281.9571619548359, 456.4411519439451, 266.5137234450894]}]}, "6": {"img_name": "0006", "gt": [{"cam_R_m2c": [0.0772438, 0.99681997, -0.0195785, 0.95727599, -0.0796396, -0.27799299, -0.27866799, 0.00273124, -0.96038401], "cam_t_m2c": [68.86164653, 12.17261057, 1021.28172016], "obj_bb": [322, 206, 80, 84], "obj_id": 4, "kps": [363.6983518459531, 241.9864323475345, 321.72671927974517, 224.35597150594617, 320.2473025697302, 206.4788714014653, 396.68531980414485, 218.36157789404015, 402.49759799910925, 199.90845012572711, 327.35159953156216, 295.15565932167726, 326.38230633539854, 283.7291340437572, 405.0249980891681, 288.91767426901254, 411.91281646147127, 276.86485088168257]}]}, "7": {"img_name": "0007", "gt": [{"cam_R_m2c": [0.0869366, 0.99571401, -0.0315683, 0.94288802, -0.0924703, -0.32001701, -0.32156399, -0.0019442, -0.946886], "cam_t_m2c": [74.21081378, 41.07018903, 998.25522404], "obj_bb": [325, 221, 81, 86], "obj_id": 4, "kps": [367.55332283902806, 258.6800754115817, 324.5365109872455, 241.69254972721464, 322.59884366728056, 222.6952017285992, 400.89076989493554, 234.58718882523604, 406.42375017121896, 214.88915498239103, 331.14666536378746, 313.8520830300836, 329.7945298900266, 301.3486363983667, 410.780331709392, 306.46131577905055, 417.5886445816153, 293.1967193333596]}]}, "8": {"img_name": "0008", "gt": [{"cam_R_m2c": [0.100235, 0.98636299, -0.130542, 0.936378, -0.13787501, -0.322781, -0.33637801, -0.0898828, -0.937428], "cam_t_m2c": [123.50399978, -8.53411441, 885.48283522], "obj_bb": [356, 185, 92, 99], "obj_id": 4, "kps": [404.64113479245464, 229.08408998099335, 356.60370546227915, 214.3619083259476, 351.352712840337, 189.91576887560777, 442.11083535977565, 202.0698628081489, 446.2032527541945, 175.9016088907326, 366.7362467032987, 293.09738254399497, 362.35306936324343, 276.30959029526963, 456.739693369533, 281.30043952445106, 462.76827514311935, 262.8720369593193]}]}, "9": {"img_name": "0009", "gt": [{"cam_R_m2c": [0.098108, 0.98751301, -0.123256, 0.938133, -0.133102, -0.31967101, -0.33208501, -0.0842683, -0.93947798], "cam_t_m2c": [75.48251101, -27.01384704, 848.33525262], "obj_bb": [325, 170, 96, 103], "obj_id": 4, "kps": [376.0924521569194, 216.1684473073356, 327.95523403688344, 201.3801527085539, 319.71754146759054, 174.5483571580979, 416.6217467790567, 188.8724871863114, 418.4992530306524, 160.20121692611733, 336.82655112895935, 282.9486736404416, 329.1800088027884, 264.3818612461599, 430.2585435652083, 270.92035359338007, 433.91324074746757, 250.59355062249386]}]}, "10": {"img_name": "0010", "gt": [{"cam_R_m2c": [0.0209157, 0.99495602, -0.0981057, 0.79775101, -0.0757554, -0.59820902, -0.602624, -0.065752, -0.79531199], "cam_t_m2c": [112.11265769, -25.08857155, 1047.903196], "obj_bb": [347, 187, 76, 83], "obj_id": 4, "kps": [386.66065764681696, 224.3810251257416, 347.70767733358593, 219.72739553053444, 344.0547585562124, 185.31341753434654, 420.3459896028021, 214.0131721915003, 422.2190073366609, 178.85201530834115, 351.02205568827463, 277.45324082174415, 347.3321548819836, 244.8712240398292, 429.43130570993543, 271.8083978935403, 432.2194510315034, 238.43891443751042]}]}, "11": {"img_name": "0011", "gt": [{"cam_R_m2c": [0.18039601, 0.97446901, -0.13367, 0.76422298, -0.224416, -0.60465002, -0.61921, 0.00692299, -0.78519499], "cam_t_m2c": [54.35394691, 6.28696425, 991.39983919], "obj_bb": [311, 201, 81, 87], "obj_id": 4, "kps": [356.01850303964846, 241.46448587676113, 314.08417757359246, 242.3162016334189, 305.4589397373583, 207.26527800338806, 388.4027595633488, 225.16843048208898, 385.68151558262633, 188.7921303908373, 327.4091704121985, 302.96632324067656, 319.13767004187827, 269.9171234165364, 408.07300853833846, 284.29069104275464, 406.8041953005214, 249.65823971155908]}]}, "12": {"img_name": "0012", "gt": [{"cam_R_m2c": [0.19096699, 0.95879602, -0.210338, 0.80569297, -0.27550599, -0.52436203, -0.56070501, -0.0693317, -0.82510799], "cam_t_m2c": [94.78649573, -44.45860482, 888.64028979], "obj_bb": [335, 162, 93, 97], "obj_id": 4, "kps": [385.41479096234383, 208.35367874219918, 339.22104873436336, 210.54700638153602, 326.93260654070906, 173.66961701610367, 420.84091745408716, 186.7635246160498, 416.1003151512125, 147.2311079654729, 357.07242952055367, 278.2801155396719, 345.4458527713481, 244.83188546587257, 445.9441932856884, 253.19903788126078, 443.341065043077, 216.7511698849722]}]}, "13": {"img_name": "0013", "gt": [{"cam_R_m2c": [0.25354999, 0.95154202, -0.174015, 0.81228, -0.30712301, -0.49586001, -0.52527499, -0.0156236, -0.85078901], "cam_t_m2c": [17.97486355, -44.22845992, 803.28955541], "obj_bb": [280, 153, 104, 108], "obj_id": 4, "kps": [337.07085054984583, 204.7412491578203, 287.2391997247266, 207.72038990426915, 270.61165745502257, 168.20229679027997, 375.5889597363589, 179.0282843626977, 368.4129160040965, 136.3145521965482, 308.32315461382257, 283.16464153160365, 292.53490347932456, 248.62593170815586, 404.5702529459824, 252.13512803217301, 400.1070602773357, 213.8228893819253]}]}, "14": {"img_name": "0014", "gt": [{"cam_R_m2c": [-0.23554599, 0.97140801, -0.0297299, 0.847565, 0.190356, -0.495377, -0.47555399, -0.141882, -0.86816901], "cam_t_m2c": [52.65379679, -39.97143979, 1046.99681747], "obj_bb": [320, 179, 78, 85], "obj_id": 4, "kps": [356.45569652302277, 215.70327612641475, 325.65110137954093, 198.21533055131903, 324.0486328135245, 167.26068071051168, 397.11684755509276, 211.4473914603549, 401.56159352818696, 181.00584490415594, 308.4267328128746, 257.73816518158907, 305.1862415591717, 230.02661536453758, 383.9907834446738, 272.9434116156142, 387.5441579403972, 246.0273716080938]}]}, "15": {"img_name": "0015", "gt": [{"cam_R_m2c": [-0.23278201, 0.97125697, -0.0497176, 0.860358, 0.18182901, -0.476154, -0.453428, -0.153615, -0.87795502], "cam_t_m2c": [48.55114144, -56.70980188, 1000.51591184], "obj_bb": [317, 167, 82, 88], "obj_id": 4, "kps": [355.6347928595915, 204.82084354114852, 323.9418897991653, 186.8481008103393, 320.9605928636361, 154.47828858722528, 398.6063075180096, 199.72021145706415, 402.30495434240856, 167.78517540401236, 306.09045080926455, 249.32652724656327, 301.2298329621855, 220.70166729868166, 384.9779913154448, 264.36324540777474, 387.61230031566976, 236.50146485402686]}]}, "16": {"img_name": "0016", "gt": [{"cam_R_m2c": [-0.34240699, 0.93416601, -0.100453, 0.81290299, 0.240943, -0.530222, -0.47111201, -0.26321, -0.841887], "cam_t_m2c": [53.00623237, -43.8854067, 912.53957554], "obj_bb": [321, 168, 90, 96], "obj_id": 4, "kps": [362.47807417233173, 209.95296648142983, 333.59435738828404, 190.71741816796455, 328.0870936762155, 152.82747129750413, 412.91167778342594, 209.13694116510678, 414.7645913287539, 171.3963608144696, 305.71428401707993, 254.88645905981105, 297.04034947080277, 220.4856489715179, 389.5202843822077, 277.2908676973626, 389.10301317937564, 243.62305334046454]}]}, "17": {"img_name": "0017", "gt": [{"cam_R_m2c": [-0.344668, 0.93138802, -0.117137, 0.81402999, 0.234404, -0.53142297, -0.46750399, -0.27851701, -0.83896899], "cam_t_m2c": [61.6812308, -42.64612941, 900.45568955], "obj_bb": [327, 168, 91, 98], "obj_id": 4, "kps": [368.5068318696903, 210.29225118450535, 339.3688132234822, 191.10476317825527, 333.2721976214247, 152.7295388921982, 419.8355850377665, 209.12265353783204, 421.2552397725128, 170.73643271282978, 311.364465004027, 256.173399395539, 302.0175247424275, 221.38382967223708, 396.3502774042488, 278.39363374600805, 395.4269853269444, 244.2086805954415]}]}, "18": {"img_name": "0018", "gt": [{"cam_R_m2c": [-0.36296201, 0.91711301, -0.164809, 0.81095201, 0.223795, -0.540622, -0.45892799, -0.32987699, -0.82496399], "cam_t_m2c": [53.34326709, -43.65496458, 806.42994453], "obj_bb": [322, 159, 101, 108], "obj_id": 4, "kps": [368.0720260154851, 205.9931508654778, 338.4729569580914, 186.2020117551964, 328.2459481565829, 142.54849961619317, 426.95459769712585, 204.57946780474305, 425.5961931704905, 160.2322364445929, 305.66291248231806, 257.6956509245563, 290.99648721456396, 218.2542771960823, 399.19066521364425, 281.7807920668605, 394.47041356726544, 242.53078426252804]}]}, "19": {"img_name": "0019", "gt": [{"cam_R_m2c": [-0.373501, 0.911147, -0.174091, 0.81300902, 0.23116601, -0.53439599, -0.44666901, -0.341135, -0.82711202], "cam_t_m2c": [55.69194638, -46.62117301, 788.1051612], "obj_bb": [324, 155, 103, 111], "obj_id": 4, "kps": [370.8951570496768, 202.9868654818598, 341.30923994292397, 182.49075986278075, 330.4781009392699, 137.8793269179987, 431.4999514833202, 201.70414636703592, 429.92704251432644, 156.3225899921503, 307.02117007250695, 255.4575453664015, 291.4477852183473, 215.3597909968084, 402.15848015932573, 280.7800748519534, 396.92038341143655, 240.8968760191993]}]}, "20": {"img_name": "0020", "gt": [{"cam_R_m2c": [-0.37412, 0.904486, -0.20479301, 0.83160299, 0.229463, -0.50575, -0.41045099, -0.35951701, -0.83802003], "cam_t_m2c": [43.37456095, -75.69964568, 725.22987107], "obj_bb": [314, 124, 113, 121], "obj_id": 4, "kps": [365.4194852788685, 176.61455273108803, 335.4003135952745, 155.7652233003123, 320.5716109517399, 106.34156001926156, 432.29008445003745, 174.45858052012315, 428.2533156803264, 123.62399215826919, 297.88815006970896, 234.64632997610522, 277.1971172819376, 190.90871183000476, 399.6908751471884, 260.49338979378865, 390.93205659710463, 216.64094782846178]}]}, "21": {"img_name": "0021", "gt": [{"cam_R_m2c": [-0.31621099, 0.92270303, -0.220521, 0.87404698, 0.192975, -0.44587299, -0.368853, -0.33373499, -0.86750698], "cam_t_m2c": [18.68911591, -105.37869807, 692.85426008], "obj_bb": [292, 92, 119, 128], "obj_id": 4, "kps": [346.6328843966414, 148.48846399226446, 314.6142217187636, 127.77661950613972, 295.1195055678979, 76.70716856743971, 416.3183275424083, 141.84116457148517, 409.02187385143327, 88.90945473816564, 280.23507426689923, 213.13945382373961, 254.59782441842597, 169.58291999934968, 387.0100135367735, 234.16334909815413, 374.84354495867126, 190.19655799608677]}]}, "22": {"img_name": "0022", "gt": [{"cam_R_m2c": [-0.29082301, 0.925138, -0.24401399, 0.88944399, 0.16743299, -0.425271, -0.35257801, -0.34071499, -0.87155199], "cam_t_m2c": [29.91544931, -96.01636456, 699.17033345], "obj_bb": [301, 101, 118, 127], "obj_id": 4, "kps": [355.33440047642813, 156.52091547726417, 322.28651021189893, 135.22573679989165, 301.9726315506887, 87.10360511632165, 424.0760408192651, 146.71112667549662, 415.86048932287514, 96.54484308457111, 291.48475931713546, 222.10343418946772, 265.56323083396524, 182.05084392468714, 398.17487260426986, 240.481733579031, 385.56912321900427, 199.8654117754554]}]}, "23": {"img_name": "0023", "gt": [{"cam_R_m2c": [-0.363042, 0.93176401, -0.00411534, 0.88212001, 0.34226999, -0.32359701, -0.300107, -0.121109, -0.94618601], "cam_t_m2c": [-50.19197651, -146.16069592, 1016.41219737], "obj_bb": [264, 113, 81, 92], "obj_id": 4, "kps": [301.06243728777224, 154.7407262372902, 277.18303592116183, 129.41898875876925, 272.3651436145343, 99.99850876073299, 347.31925980863605, 153.70608869560323, 349.2166017754999, 126.12080827127716, 248.31641706020716, 190.74773008686537, 240.42389820072108, 166.16002403396698, 320.74916945906193, 217.02405111968721, 320.0406757487553, 194.64201724444357]}]}, "24": {"img_name": "0024", "gt": [{"cam_R_m2c": [-0.0122381, 0.99473602, -0.101741, 0.96246701, -0.0158698, -0.27093399, -0.27112201, -0.101238, -0.95720601], "cam_t_m2c": [5.26699476, -47.07908819, 778.99202715], "obj_bb": [277, 150, 104, 112], "obj_id": 4, "kps": [330.7896782233658, 198.90617596608232, 285.04251248867007, 176.07710646052658, 272.19446845321164, 147.05023618296528, 381.48944021512455, 173.38475330894715, 380.8915324737744, 143.44259740376566, 282.04242634068885, 265.5562102714218, 268.131811183469, 246.9962527387, 382.8946223261835, 264.35627405869093, 382.4569976061014, 245.25148031222076]}]}, "25": {"img_name": "0025", "gt": [{"cam_R_m2c": [-0.0192983, 0.99507099, -0.09727, 0.96646398, -0.00635172, -0.25672299, -0.25607601, -0.0989623, -0.96157801], "cam_t_m2c": [6.37635382, -54.76744013, 760.83923448], "obj_bb": [277, 142, 107, 115], "obj_id": 4, "kps": [331.7985403947231, 192.05427566980424, 285.04215795945737, 168.12718927325218, 272.17802585443656, 138.35965331182933, 383.75069412946874, 166.2147218665677, 383.8290756939299, 135.60872252527832, 281.39003278647453, 259.73208338662914, 267.3820362273793, 241.0891322394161, 384.43543749672693, 259.3869510930921, 384.6139920231699, 240.31193789653625]}]}, "26": {"img_name": "0026", "gt": [{"cam_R_m2c": [-0.0330769, 0.99218601, -0.120301, 0.96886498, 0.00228098, -0.247578, -0.245369, -0.124745, -0.96136999], "cam_t_m2c": [9.2790086, -57.9451293, 697.59337834], "obj_bb": [276, 131, 116, 124], "obj_id": 4, "kps": [335.0257119269958, 184.92752817267217, 285.6663233991907, 158.88883591530066, 269.7459379218499, 125.84245360675563, 392.5006500943339, 157.1685714671731, 391.8553372433961, 122.97199726224905, 280.36165129372836, 258.0070431687359, 262.8100142413307, 238.16245726962453, 392.0385949786104, 258.66220320433894, 391.2869958807022, 238.35133206000495]}]}, "27": {"img_name": "0027", "gt": [{"cam_R_m2c": [0.0124993, 0.99848402, 0.0536055, 0.99687397, -0.00826068, -0.0785758, -0.0780139, 0.05442, -0.99546599], "cam_t_m2c": [-97.70421834, -122.00377393, 983.65180708], "obj_bb": [226, 127, 84, 86], "obj_id": 4, "kps": [269.39676459644346, 163.30181064967707, 229.78176872466412, 139.21593789032596, 222.8644350843017, 123.37024432308571, 308.8800305901693, 139.33362298723205, 310.4125121926189, 123.6312300830672, 229.74255334151084, 214.41962998849408, 222.7411971697407, 206.52987965487566, 309.65807017374726, 213.971446554186, 311.29157644862414, 206.09947645863394]}]}, "28": {"img_name": "0028", "gt": [{"cam_R_m2c": [0.0556372, 0.99839598, -0.0104788, 0.98969901, -0.0565331, -0.13153, -0.13191099, -0.0030529, -0.99125701], "cam_t_m2c": [-18.57792629, -13.83060223, 890.84139391], "obj_bb": [266, 185, 92, 93], "obj_id": 4, "kps": [313.8956583464031, 224.45275829224036, 269.06536793197193, 199.29501978463858, 261.77242571719745, 185.36905436180677, 355.1326956025854, 194.39055264390853, 357.92498016606726, 179.88252094164184, 272.64876532912075, 281.71728257740415, 265.62678339351686, 277.35557321222115, 360.38353812397963, 276.756533588881, 363.86519052174646, 271.79842368475056]}]}, "29": {"img_name": "0029", "gt": [{"cam_R_m2c": [0.0780327, 0.99640101, 0.0331065, 0.98309302, -0.071388, -0.168616, -0.165646, 0.0457044, -0.98512602], "cam_t_m2c": [-42.41619754, 17.77387663, 1011.07915325], "obj_bb": [260, 210, 80, 82], "obj_id": 4, "kps": [301.5091676817487, 244.48729563229378, 260.6245710746906, 222.82180119429032, 255.98909552697538, 210.83481694872899, 336.8917625774763, 217.49162561585618, 340.0223123464117, 205.0443309965177, 265.0614608357255, 296.0759190117712, 260.77902800428154, 291.4606728899332, 342.94139666355795, 290.1761353047477, 346.7743837181371, 284.9799715499323]}]}, "30": {"img_name": "0030", "gt": [{"cam_R_m2c": [0.0232652, 0.99426901, -0.104343, 0.98402297, -0.0412026, -0.173207, -0.176513, -0.0986466, -0.979343], "cam_t_m2c": [64.18988498, -15.34270578, 796.48756547], "obj_bb": [320, 176, 102, 106], "obj_id": 4, "kps": [372.1675203916262, 221.61333049263882, 323.1020250643205, 195.00563075491837, 314.99274384181024, 175.93698624965012, 418.75503897520525, 190.2520056204639, 423.007922225936, 170.20380388198637, 325.2048742418551, 285.4034034829499, 317.11088557747854, 277.70132052526566, 423.6852259003627, 282.0541085782762, 428.7453792865809, 273.75008041826777]}]}, "31": {"img_name": "0031", "gt": [{"cam_R_m2c": [-0.022847, 0.98796803, -0.152963, 0.99202001, 0.00342714, -0.126036, -0.123995, -0.154622, -0.98016202], "cam_t_m2c": [52.90491994, -67.17997849, 667.12238177], "obj_bb": [310, 118, 123, 128], "obj_id": 4, "kps": [372.5106897687423, 173.3437266728038, 318.6476285339405, 141.60159657748488, 303.82063415051675, 114.68073611286009, 431.7634031625936, 138.88328467589744, 434.5125989843874, 110.55960506111315, 316.0059194000244, 247.3881045146791, 300.3545928623277, 236.52664068663177, 431.78847996611137, 247.9610208497597, 434.61966172661005, 236.79241782327557]}]}, "32": {"img_name": "0032", "gt": [{"cam_R_m2c": [0.0806055, 0.98934698, 0.121224, 0.883268, -0.0145401, -0.46864301, -0.46188799, 0.144849, -0.87502998], "cam_t_m2c": [159.35623516, -68.6299641, 1034.18633485], "obj_bb": [368, 162, 82, 84], "obj_id": 4, "kps": [412.0107680213037, 199.1376136512301, 365.35537003617196, 187.58273816921275, 375.7361228783633, 156.13858573023205, 436.9302891423118, 187.52522480673917, 453.20084291624096, 156.70734145248952, 373.88258117561776, 251.0778550868417, 385.74505405524275, 223.42874428714194, 449.56481376167113, 249.77231307990112, 468.0418051105633, 222.59586918850178]}]}, "33": {"img_name": "0033", "gt": [{"cam_R_m2c": [0.044085, 0.99476701, 0.0921647, 0.88371199, 0.0041978, -0.46801299, -0.465951, 0.102079, -0.87890297], "cam_t_m2c": [203.50778063, -45.29336198, 978.94222018], "obj_bb": [396, 171, 87, 89], "obj_id": 4, "kps": [442.7442725189183, 210.24875090488132, 393.40747682564114, 196.90307555362892, 405.20858938797323, 164.6250366679168, 469.14214513118213, 197.8477981431668, 487.6349192399391, 166.13933156627277, 401.32226711614265, 264.37884953039554, 414.742941981248, 236.46035730624655, 481.7706527888678, 264.3972300958117, 502.78253706181295, 236.92833779103987]}]}, "34": {"img_name": "0034", "gt": [{"cam_R_m2c": [0.031343, 0.99314499, 0.112611, 0.87360299, 0.0275206, -0.485861, -0.48562899, 0.113606, -0.86675102], "cam_t_m2c": [206.19083065, -24.78373558, 952.74066382], "obj_bb": [399, 182, 90, 92], "obj_id": 4, "kps": [447.5162911447325, 221.75260657710527, 396.64258951758643, 207.21358060037713, 410.2319066571521, 173.98847784783973, 473.8890405440805, 209.93502706744977, 494.3251111592031, 177.5273210403218, 404.1705577141611, 276.4967113101794, 419.55458743054436, 247.6846119232366, 486.56941333981655, 278.24498794978683, 509.7887761655424, 250.13465861696181]}]}, "35": {"img_name": "0035", "gt": [{"cam_R_m2c": [0.0831454, 0.98718798, 0.136188, 0.87734503, -0.00770351, -0.47979701, -0.472601, 0.15937699, -0.866745], "cam_t_m2c": [127.49687964, -27.03032251, 890.08801922], "obj_bb": [354, 176, 95, 98], "obj_id": 4, "kps": [405.55687284979643, 218.8208545482218, 351.87078898594655, 204.602125002741, 363.5744910370356, 168.95853021090335, 433.94796109870475, 204.82891466883387, 453.38291427852795, 170.1202241971369, 361.1102711978487, 279.1581091795203, 374.75792982969426, 248.73615198746498, 448.7644214072031, 277.53891921548, 471.28280521661566, 247.78607946917825]}]}, "36": {"img_name": "0036", "gt": [{"cam_R_m2c": [0.11736, 0.98610699, 0.117558, 0.89385003, -0.0533075, -0.445187, -0.432735, 0.157327, -0.88768703], "cam_t_m2c": [87.55289344, -43.86666324, 787.10930243], "obj_bb": [330, 154, 106, 111], "obj_id": 4, "kps": [387.0904334395427, 203.3485599043089, 327.3520533941827, 188.90400361446672, 336.48577177822756, 148.9438220870697, 419.82707385640975, 185.26249661048607, 439.2300442786362, 146.03553127555836, 339.11618573902956, 273.5177073909891, 350.51533889785577, 240.94723132202202, 437.989068131226, 267.270621360473, 461.2137985227704, 234.94264578607007]}]}, "37": {"img_name": "0037", "gt": [{"cam_R_m2c": [0.15942, 0.96842003, 0.191699, 0.906407, -0.0666435, -0.417115, -0.39116701, 0.240254, -0.88840699], "cam_t_m2c": [0.9344042, -56.67047132, 692.63994598], "obj_bb": [260, 131, 119, 126], "obj_id": 4, "kps": [324.1447722189461, 187.39179288506028, 257.1629423684118, 170.71663289544125, 264.68736571066904, 124.46567836896608, 361.65297647200913, 166.85578886887666, 382.28683888712976, 122.40368874300749, 269.8983955097067, 267.6840992526419, 279.9709217491193, 231.67179248097187, 381.462507934603, 258.9608546949994, 406.5942105764102, 223.66697415304574]}]}, "38": {"img_name": "0038", "gt": [{"cam_R_m2c": [0.00777823, 0.98883599, -0.148802, 0.62218398, -0.12128, -0.77341998, -0.78283203, -0.0865665, -0.61618102], "cam_t_m2c": [119.67946701, 0.88373654, 1054.35437139], "obj_bb": [351, 203, 76, 78], "obj_id": 4, "kps": [390.5525222155936, 240.4550640888409, 353.21100040358476, 245.00783683865657, 346.9056589278193, 204.01493460811943, 424.9953740889307, 236.25560606426347, 422.76882436832153, 194.28246415611463, 356.67777821594746, 292.295784041102, 349.90129688680406, 249.80998936222647, 435.9916464438076, 283.2014979687491, 434.22450602698285, 239.58548774802898]}]}, "39": {"img_name": "0039", "gt": [{"cam_R_m2c": [-0.00389271, 0.98988402, -0.14182501, 0.60847503, -0.110204, -0.78588301, -0.79356301, -0.0893564, -0.60189098], "cam_t_m2c": [107.5187988, 26.17617168, 1002.33992075], "obj_bb": [345, 216, 80, 82], "obj_id": 4, "kps": [387.1180551742778, 254.7942807354247, 348.36265244253, 258.8227248020307, 341.81560593461194, 215.94007841744084, 423.64756982664966, 250.65317617167292, 421.4833526692405, 206.74866465290677, 350.5975381139923, 309.1031306938167, 343.4285590609771, 264.47946630564616, 434.3117812391811, 300.68321116433634, 432.5977703330902, 254.87507283647935]}]}, "40": {"img_name": "0040", "gt": [{"cam_R_m2c": [0.00781225, 0.98686498, -0.161357, 0.61318201, -0.132192, -0.77880198, -0.78990299, -0.0928571, -0.606161], "cam_t_m2c": [100.62807639, 20.58625647, 960.15409169], "obj_bb": [342, 211, 83, 86], "obj_id": 4, "kps": [385.7298899788829, 251.97109619159434, 345.7493615437454, 256.9308092676654, 337.63667691515997, 212.51519166539293, 423.85442858449784, 246.6729510966321, 420.50128463385505, 201.01399021445903, 348.74187428499926, 309.5875022501865, 339.84328867965, 263.37346769070365, 435.9555650143924, 298.89097784371216, 433.0341475796531, 251.22093414862732]}]}, "41": {"img_name": "0041", "gt": [{"cam_R_m2c": [-0.0226456, 0.98200399, -0.187498, 0.59595501, -0.13732199, -0.79118901, -0.80269802, -0.129657, -0.58212], "cam_t_m2c": [122.99936031, 54.70906965, 903.51759192], "obj_bb": [357, 230, 89, 93], "obj_id": 4, "kps": [403.77847876009133, 274.0809121268276, 361.86053312834326, 278.6213781680174, 352.64810681630064, 232.30120568061076, 444.7326941648867, 267.79964545551644, 440.60514550548345, 219.85736178067864, 364.38913707377947, 335.7961845895272, 354.13574197686916, 287.3807242764814, 457.78070172691343, 324.82847315565203, 454.036477729974, 274.5127590188912]}]}, "42": {"img_name": "0042", "gt": [{"cam_R_m2c": [-0.39754701, 0.89524001, -0.201251, 0.80519098, 0.23518001, -0.544388, -0.440027, -0.378465, -0.81433398], "cam_t_m2c": [68.56521073, -80.0817701, 1055.1059336], "obj_bb": [331, 159, 79, 82], "obj_id": 4, "kps": [366.67410617550104, 194.86835521931198, 346.01939625418964, 180.0917364276741, 336.79874062827, 146.068152284393, 413.73288404785916, 194.59531293069765, 409.46943773238866, 159.9279769063272, 318.7098451438574, 234.4255747227034, 306.7306110780657, 202.77604576010884, 388.91979266800615, 252.59974473657877, 382.266685830661, 220.7141685751229]}]}, "43": {"img_name": "0043", "gt": [{"cam_R_m2c": [-0.38812599, 0.89382899, -0.22456101, 0.82181698, 0.225392, -0.52327299, -0.41710201, -0.38764399, -0.82204503], "cam_t_m2c": [76.36946714, -98.12139314, 1001.45800345], "obj_bb": [336, 144, 83, 87], "obj_id": 4, "kps": [373.3039966192015, 181.90808651467458, 351.43481223908043, 166.84143321076985, 340.85236963207586, 131.05177973570636, 422.951650271107, 180.56470330857087, 417.9070575790878, 143.88983538701402, 323.7287104879228, 224.54873494960265, 310.1317016569972, 191.60190997262725, 397.82056948217223, 242.3081329831582, 390.16105586560457, 208.96352021277025]}]}, "44": {"img_name": "0044", "gt": [{"cam_R_m2c": [-0.35177401, 0.90803897, -0.227421, 0.833709, 0.193441, -0.517214, -0.425657, -0.371546, -0.82508802], "cam_t_m2c": [49.92352965, -72.17028561, 905.55592087], "obj_bb": [320, 150, 92, 96], "obj_id": 4, "kps": [361.5040128111422, 191.6934648266507, 336.9352725188694, 175.13029534812108, 323.7637671330331, 136.6828624805509, 415.88330482729083, 188.0980675171809, 409.45798904861493, 148.53374067432046, 308.51967545512304, 240.19806589228907, 291.724169288197, 205.41697662114478, 390.92572906821215, 257.89141504167645, 381.4782794847787, 222.63875794776456]}]}, "45": {"img_name": "0045", "gt": [{"cam_R_m2c": [-0.36127701, 0.89914101, -0.247033, 0.84777302, 0.206413, -0.488543, -0.38827801, -0.38592699, -0.83683997], "cam_t_m2c": [-11.11987085, -64.52787888, 726.27105354], "obj_bb": [271, 132, 116, 122], "obj_id": 4, "kps": [323.1630163257571, 185.05558181899528, 298.58895522419334, 163.47459389848066, 276.3043781059637, 116.38490535142948, 392.6157744170827, 179.89219493259284, 380.10581799409806, 131.01872429614622, 260.01772160599245, 244.4249346043349, 231.2741283502466, 203.6234629244344, 358.0492623597432, 268.3188929199391, 339.87211792189294, 227.1321917787533]}]}, "46": {"img_name": "0046", "gt": [{"cam_R_m2c": [-0.36060601, 0.89810598, -0.25173301, 0.85324699, 0.208625, -0.47795999, -0.37674099, -0.38714501, -0.841537], "cam_t_m2c": [-14.84485802, -70.79330697, 712.3285626], "obj_bb": [267, 125, 118, 124], "obj_id": 4, "kps": [320.19189423111857, 178.85642521323635, 295.6618887206844, 156.8709643618906, 272.1857002266881, 108.83275741977762, 391.17623978260224, 173.3437200871789, 377.8450788898527, 123.40922509188233, 256.3622672505982, 239.47569426300933, 226.14141916484164, 198.15307588644768, 355.78631318775, 263.68137111365667, 336.4881183672939, 221.96782080829814]}]}, "47": {"img_name": "0047", "gt": [{"cam_R_m2c": [-0.374679, 0.92411, -0.0750765, 0.86028302, 0.31631801, -0.39982, -0.34573001, -0.21439099, -0.91351402], "cam_t_m2c": [-72.76247407, -8.49782017, 1052.12961045], "obj_bb": [255, 193, 78, 88], "obj_id": 4, "kps": [290.0923666267136, 232.3937925818964, 270.1458618136032, 206.83136997733678, 261.1725977843436, 181.68778915172865, 337.00582513484136, 229.31135005843495, 333.8116063780063, 205.44204049198896, 240.86049988764796, 267.18361148938334, 228.7682796386646, 246.40173328809175, 309.8552778316925, 292.41389498722316, 303.92812772526725, 273.36784170580637]}]}, "48": {"img_name": "0048", "gt": [{"cam_R_m2c": [-0.35649499, 0.92958599, -0.0937038, 0.87348902, 0.29602101, -0.38650799, -0.33155501, -0.21963701, -0.91751301], "cam_t_m2c": [-67.7203801, -9.05121277, 999.6778445], "obj_bb": [253, 191, 83, 92], "obj_id": 4, "kps": [291.04370853827453, 231.39545562142786, 269.7529364825473, 204.7586467372108, 259.158884156021, 178.8320125088214, 340.39161408464787, 226.71441079408328, 336.23218138653704, 202.0475123484811, 240.48738709216968, 269.04010100666, 226.53560590445977, 248.13390640685387, 313.39054118225863, 293.98786934450527, 306.30483435351255, 274.87754780283524]}]}, "49": {"img_name": "0049", "gt": [{"cam_R_m2c": [-0.288867, 0.95174098, -0.103657, 0.90212297, 0.234349, -0.36229101, -0.32051599, -0.198166, -0.926283], "cam_t_m2c": [-88.79315959, -25.3410875, 896.14198171], "obj_bb": [230, 176, 94, 100], "obj_id": 4, "kps": [273.27416202427247, 219.445789380991, 248.11554033020636, 191.9222998197579, 233.27445138918947, 163.07471945812372, 327.80119138806543, 210.6559234582741, 321.1217289821105, 182.8887251299799, 220.33264080331958, 265.2049845664636, 201.6473240442162, 242.95964397093636, 302.99958581058377, 287.1347492691795, 293.12253408222585, 266.62370903597997]}]}, "50": {"img_name": "0050", "gt": [{"cam_R_m2c": [-0.26085299, 0.95944399, -0.106881, 0.91807598, 0.21231499, -0.33475199, -0.29848301, -0.18544599, -0.936225], "cam_t_m2c": [-123.93499084, -41.29369857, 798.53484296], "obj_bb": [193, 157, 106, 112], "obj_id": 4, "kps": [241.86693214671925, 205.0788758863597, 215.00540865244602, 175.25577433059442, 193.96210880927904, 142.67564276395865, 303.6956843361479, 193.60455940702246, 292.916379478023, 162.1609977832117, 185.3043627441924, 257.8344607474705, 159.35364777163622, 233.90700486916612, 277.48009887658606, 279.80281388226865, 262.6521389761015, 257.8706581514026]}]}, "51": {"img_name": "0051", "gt": [{"cam_R_m2c": [-0.245388, 0.95774198, -0.150051, 0.93619299, 0.19394, -0.293138, -0.25165001, -0.212409, -0.94422197], "cam_t_m2c": [-103.07673626, -42.04764079, 698.68438767], "obj_bb": [190, 144, 122, 127], "obj_id": 4, "kps": [246.9461237295993, 198.7470868980264, 216.9848003053303, 164.57447792988646, 189.3288537948912, 129.1035849716195, 317.3982898071785, 182.69511931090832, 303.0423968023287, 148.20679542567663, 186.18457307039245, 259.60950364939254, 152.5619384288923, 236.1499329378906, 290.1252563095779, 282.64846617350946, 270.7896956173844, 261.5698780376874]}]}, "52": {"img_name": "0052", "gt": [{"cam_R_m2c": [-0.24494401, 0.95830202, -0.147174, 0.939376, 0.197006, -0.28064501, -0.239949, -0.206994, -0.948461], "cam_t_m2c": [-107.40106666, -48.41986221, 672.75041509], "obj_bb": [181, 135, 127, 132], "obj_id": 4, "kps": [240.3085056369553, 191.6299808267822, 209.65144360419546, 156.12571753686876, 179.960478161183, 118.99740302871004, 313.5783991854676, 174.98728053450367, 298.2918419079799, 138.97372432801632, 177.72142497949085, 254.64083630002762, 141.5876383391163, 230.6203622669902, 285.22140559645726, 278.63170753349164, 264.5396271054026, 257.26422049781405]}]}, "53": {"img_name": "0053", "gt": [{"cam_R_m2c": [-0.0607424, 0.99680603, -0.0518447, 0.963691, 0.0450356, -0.26319399, -0.26001799, -0.0659493, -0.96334898], "cam_t_m2c": [-20.03648686, 14.97709021, 1052.62453479], "obj_bb": [277, 209, 78, 81], "obj_id": 4, "kps": [315.94080642875446, 243.4912884863565, 282.17539392508627, 221.18567278322428, 275.2077520929259, 204.4418390052341, 355.06428824088835, 224.32532276897203, 354.9688930022923, 207.72503109476474, 276.4008421751708, 289.9335727626004, 268.6193687385263, 279.30451383791876, 351.640634877591, 293.7779156620677, 351.2041634074423, 283.4258398426513]}]}, "54": {"img_name": "0054", "gt": [{"cam_R_m2c": [-0.0547611, 0.99457002, -0.0885001, 0.95788199, 0.0273042, -0.28586099, -0.281892, -0.100427, -0.95417601], "cam_t_m2c": [-18.49643687, 21.7545899, 999.87725295], "obj_bb": [275, 211, 82, 86], "obj_id": 4, "kps": [316.4246829170458, 247.5382655799945, 281.8696628241064, 225.344951757084, 272.4132597359166, 206.8659316383194, 358.10710577958577, 227.23195572892655, 356.0932691692506, 208.6652954024367, 276.119895105856, 297.21498181682125, 265.6892463373525, 285.31133648254126, 355.15191070025617, 300.1838963067441, 352.74805435305524, 288.40311544946564]}]}, "55": {"img_name": "0055", "gt": [{"cam_R_m2c": [-0.0284036, 0.99345398, -0.110644, 0.968804, 9.725e-05, -0.24782901, -0.246196, -0.114232, -0.96246499], "cam_t_m2c": [-18.5528495, -1.232532, 904.95243949], "obj_bb": [269, 193, 91, 95], "obj_id": 4, "kps": [315.3223475527513, 233.40941586392893, 277.2244474735415, 209.81216312641848, 264.7341678407296, 190.0709567683023, 360.96041584715965, 209.27292769413177, 357.59505577554677, 189.09866200615056, 273.16153702162535, 289.051027442976, 259.71220034043137, 277.5653583552823, 359.860820745054, 289.8868645690874, 356.2314080442498, 278.27275144698933]}]}, "56": {"img_name": "0056", "gt": [{"cam_R_m2c": [0.0107746, 0.98795801, -0.154346, 0.98368597, -0.0381917, -0.17579301, -0.179571, -0.14993399, -0.97225201], "cam_t_m2c": [-23.33517461, -45.0791145, 800.20975111], "obj_bb": [257, 154, 104, 107], "obj_id": 4, "kps": [310.44852392651023, 200.6573933845287, 268.174864822063, 175.79704701715383, 249.50541140895936, 154.3513284535164, 361.8274876791583, 170.4433154960471, 354.780089944701, 147.69197072793287, 267.516408564117, 264.85632475894755, 248.1501284229091, 254.3141450475331, 363.93407176864827, 261.65555869430204, 356.93182651497546, 250.37361081112496]}]}, "57": {"img_name": "0057", "gt": [{"cam_R_m2c": [0.013247, 0.984438, -0.17523199, 0.98797798, -0.0398812, -0.149361, -0.154025, -0.171147, -0.97313201], "cam_t_m2c": [-35.46529426, -46.47018739, 701.18471178], "obj_bb": [237, 141, 119, 121], "obj_id": 4, "kps": [298.6837931409318, 193.53315946740344, 252.7012081609389, 165.1463035373494, 227.25650025045573, 141.2513110011061, 358.0261442276158, 158.2589368768614, 347.45695103084313, 132.4295014220485, 252.0480293592627, 266.00146485325564, 225.68671248537743, 256.41890679386495, 360.3991358107879, 262.30923052351125, 349.8451931369627, 251.78045940791714]}]}, "58": {"img_name": "0058", "gt": [{"cam_R_m2c": [0.56151402, 0.82128102, -0.100994, 0.735165, -0.551166, -0.39465001, -0.379783, 0.14735401, -0.91326398], "cam_t_m2c": [-17.56505406, 35.09478341, 1042.08992887], "obj_bb": [266, 215, 91, 81], "obj_id": 4, "kps": [312.2618105361414, 256.3206122749568, 268.4074410645232, 264.9776390335712, 257.5062392223509, 244.5705497313864, 329.27020613237767, 224.3364474787143, 324.0006716477285, 200.73385457253315, 307.37484667365817, 320.91249925708536, 299.61068984075, 304.75103177760496, 370.4170111109022, 277.20557828818124, 368.7190684308303, 257.30138957599297]}]}, "59": {"img_name": "0059", "gt": [{"cam_R_m2c": [0.51010102, 0.84802699, -0.143691, 0.78796798, -0.52772099, -0.31720001, -0.344823, 0.0485802, -0.93741], "cam_t_m2c": [50.96362406, 3.83194075, 892.63339193], "obj_bb": [300, 191, 106, 95], "obj_id": 4, "kps": [354.17407908080827, 238.03794042991368, 303.00578493766636, 244.24160818255123, 291.03453806443855, 223.35764941845719, 374.9817547133777, 199.4447781439563, 370.8767500295608, 173.89061648216884, 345.57625536732917, 312.0263917169218, 337.8155547012279, 297.7419588402504, 420.9186680153502, 264.4219996497818, 421.82204671774724, 244.82477101906386]}]}, "60": {"img_name": "0060", "gt": [{"cam_R_m2c": [0.54036301, 0.82369202, -0.17186999, 0.80168599, -0.56602001, -0.192148, -0.25555301, -0.0339561, -0.96619803], "cam_t_m2c": [32.05018958, -83.72751688, 748.40238142], "obj_bb": [280, 111, 128, 115], "obj_id": 4, "kps": [345.2392081810307, 170.23360029216238, 286.6191392696464, 179.99570500732062, 267.66922065033106, 156.23555819458647, 369.4404497871322, 122.43747997196333, 361.6110681450543, 90.6980160978972, 338.95268539479764, 257.5894970337741, 326.456715398871, 243.6196246488878, 425.82334901464463, 197.92938886752623, 425.6434353699601, 175.3401470269393]}]}, "61": {"img_name": "0061", "gt": [{"cam_R_m2c": [0.0167341, 0.99843299, -0.0533915, 0.984487, -0.0257813, -0.173554, -0.174659, -0.0496589, -0.98337603], "cam_t_m2c": [50.65318569, -126.80596632, 678.29512605], "obj_bb": [308, 67, 120, 130], "obj_id": 4, "kps": [368.7402985050435, 125.17027299555309, 310.4651319190403, 100.42173856112393, 303.4293804923922, 63.1751147987952, 421.3735554953503, 96.18179931822553, 431.45894054348884, 57.8625132851285, 311.79397399944924, 203.00029607399145, 304.69922119421494, 180.658503597169, 426.43253591012035, 199.6412398929878, 437.7254382242834, 176.49955529817296]}]}, "62": {"img_name": "0062", "gt": [{"cam_R_m2c": [0.0495552, 0.99839997, 0.0272354, 0.98480302, -0.0442993, -0.16793001, -0.166455, 0.0351433, -0.98542303], "cam_t_m2c": [-0.32175066, -126.34072055, 682.31338042], "obj_bb": [264, 69, 119, 129], "obj_id": 4, "kps": [325.4348552655565, 126.17814452886817, 266.1589930817044, 101.0931616057054, 259.4790006644755, 64.2526799076267, 376.17157387537577, 97.16982185257103, 386.390626858177, 60.014881101289, 269.685796859901, 204.14625701669092, 263.324610898742, 182.44129175279747, 383.13531519514714, 199.38297988295807, 394.832230948267, 177.09684040243914]}]}, "63": {"img_name": "0063", "gt": [{"cam_R_m2c": [-0.43046901, 0.90075898, 0.0577033, 0.82210302, 0.41766599, -0.38691401, -0.37261701, -0.119116, -0.92030901], "cam_t_m2c": [94.06603778, -12.84281257, 1044.54656449], "obj_bb": [343, 188, 81, 92], "obj_id": 4, "kps": [380.1667691366823, 230.30768656875125, 353.8429810640863, 201.5367288805502, 359.6194154028301, 176.30190548421328, 420.85732731310856, 231.84567928865863, 432.8356726840091, 208.94851201278928, 323.8404502337219, 259.6236921581615, 327.0890282480454, 238.55386985150375, 393.60014941852285, 292.3294933530982, 403.5967799271685, 274.02423573999937]}]}, "64": {"img_name": "0064", "gt": [