{"class": 5, "diam": 201.40358597, "obj_name": "can", "img_path": "../../dataset/Linemod_preprocessed/data/05/rgb", "depth_path": "../../dataset/Linemod_preprocessed/data/05/depth", "mask_path": "../../dataset/Linemod_preprocessed/data/05/mask", "trainlist": "../../dataset/Linemod_preprocessed/data/05/train.txt", "testlist": "../../dataset/Linemod_preprocessed/data/05/test.txt", "gt_num": 1196, "0": {"img_name": "0000", "gt": [{"cam_R_m2c": [0.98378801, -0.043285, -0.174033, -0.16262101, -0.624421, -0.76397198, -0.0756016, 0.77988797, -0.621337], "cam_t_m2c": [61.25955137, -91.60362203, 1032.8231072], "obj_bb": [329, 140, 63, 106], "obj_id": 5, "kps": [360.6765721773645, 198.96591958601257, 343.3794005022841, 268.523378283596, 324.4755305898864, 178.29614178326628, 337.3221255873391, 209.55018174710082, 320.28113260835113, 124.75921750882775, 399.2533357172422, 259.489231538216, 387.67930656092284, 167.28522871603607, 386.32764457482483, 201.23277958590748, 374.83541815760964, 114.8574335484728]}]}, "1": {"img_name": "0001", "gt": [{"cam_R_m2c": [0.98310202, -0.0472039, -0.17686699, -0.167686, -0.61976397, -0.76666403, -0.0734263, 0.78336698, -0.61720699], "cam_t_m2c": [55.44819932, -81.89323636, 1025.71399065], "obj_bb": [325, 145, 64, 106], "obj_id": 5, "kps": [357.74929332015563, 204.05659647783776, 340.62704576480706, 274.25311358432924, 320.84078186466206, 183.71537664439307, 334.5081279927157, 214.60964676011406, 316.7261750279575, 129.6077880247806, 396.86432338097325, 264.8964651741058, 384.46069959890036, 172.351075448869, 383.76002349871067, 206.0258471984625, 371.54944750766435, 119.42206859575838]}]}, "2": {"img_name": "0002", "gt": [{"cam_R_m2c": [0.98965299, -0.0190222, -0.142216, -0.118268, -0.66934502, -0.73347801, -0.0812389, 0.74270803, -0.66466898], "cam_t_m2c": [56.12266093, -99.20049476, 996.58273972], "obj_bb": [327, 132, 63, 109], "obj_id": 5, "kps": [358.70989571441595, 192.70323911356564, 337.74357871938616, 264.2728296374129, 321.44056008452094, 173.75251019675937, 334.50768061951175, 199.99867664153683, 319.98247100515914, 113.40905474402776, 395.5580876297681, 257.5460456856429, 387.7506273764202, 165.15794619112276, 385.3559904862678, 193.6116067174901, 377.28784616456403, 105.48376986543254]}]}, "3": {"img_name": "0003", "gt": [{"cam_R_m2c": [0.89190203, -0.15025499, -0.42653799, -0.43599001, -0.53618598, -0.722785, -0.120102, 0.83061898, -0.54373503], "cam_t_m2c": [95.66108458, -130.69608472, 1026.9740257], "obj_bb": [340, 118, 81, 106], "obj_id": 5, "kps": [382.3855802789556, 176.8423160885787, 385.1477276981199, 247.74280552298887, 339.844666554491, 159.64456444545633, 363.8947687728695, 198.85421393480362, 322.95035584127675, 118.47782473426298, 437.43016922629675, 222.5585702049731, 397.6818825899925, 130.29414592402307, 409.08284835919204, 176.46443201089343, 372.2241409646838, 92.89617935202911]}]}, "4": {"img_name": "0004", "gt": [{"cam_R_m2c": [0.84067202, -0.34049699, -0.42110801, -0.53355902, -0.65382397, -0.536497, -0.0926549, 0.675704, -0.731327], "cam_t_m2c": [95.54129377, -88.67807198, 1005.50530626], "obj_bb": [341, 146, 80, 95], "obj_id": 5, "kps": [382.8186686401439, 196.81143369377068, 395.39068246694393, 269.95757569591865, 353.5154260405007, 206.5556064244682, 356.83489975661803, 207.2807436310358, 314.6411510932377, 142.787668660018, 444.048467810563, 239.68311757521448, 409.660089066818, 170.66104962690923, 399.8998773843135, 179.77179393207882, 363.46308542177167, 110.73991309050238]}]}, "5": {"img_name": "0005", "gt": [{"cam_R_m2c": [0.89196098, -0.38991901, -0.228843, -0.44909701, -0.82249999, -0.34900799, -0.0521384, 0.414074, -0.90874898], "cam_t_m2c": [37.21960338, -133.9094105, 1004.80776959], "obj_bb": [312, 125, 68, 85], "obj_id": 5, "kps": [347.8566437675009, 169.06102161138944, 352.25150808644065, 240.58179101708424, 328.8600575559817, 196.30703864491056, 314.648962205686, 164.98940802619217, 286.1801158838232, 110.29133938350033, 401.2771227937909, 215.90836669146287, 387.592657056851, 166.41229128496775, 360.2272080537109, 141.6105684352983, 340.03191962364286, 82.28604297960393]}]}, "6": {"img_name": "0006", "gt": [{"cam_R_m2c": [0.88286602, -0.38848299, -0.26387101, -0.463943, -0.808626, -0.36177501, -0.0728299, 0.44182, -0.89414299], "cam_t_m2c": [45.41140454, -95.01090895, 960.79730674], "obj_bb": [316, 144, 73, 88], "obj_id": 5, "kps": [354.0730748383073, 188.70320800551949, 360.2490993890106, 262.9943843881732, 332.5524849608778, 219.33622328875717, 320.62762031418447, 184.18506146178686, 287.8778807505526, 129.47572476818357, 411.2596496243012, 236.42220269795092, 393.95985636729813, 186.8346769786144, 367.58976671863803, 159.0482457052756, 343.5090468137005, 99.11646263195266]}]}, "7": {"img_name": "0007", "gt": [{"cam_R_m2c": [0.88227397, -0.400199, -0.247859, -0.46623799, -0.81552202, -0.34284899, -0.064927, 0.41804799, -0.906102], "cam_t_m2c": [29.76483327, -85.2993425, 964.23504449], "obj_bb": [306, 149, 73, 90], "obj_id": 5, "kps": [344.6518385936109, 194.31424253485352, 350.9695286277488, 267.72408301378067, 323.676493741275, 227.81806395415015, 311.0900804090729, 188.1578971163846, 278.42916402740076, 136.33729414323852, 401.49751097728614, 241.22286248835013, 384.6107226729801, 195.43406843749807, 357.84430613436774, 163.0308741698121, 333.9561135159072, 105.99733079423635]}]}, "8": {"img_name": "0008", "gt": [{"cam_R_m2c": [0.88714898, -0.39393201, -0.240382, -0.45633399, -0.826437, -0.32979101, -0.068745, 0.40226799, -0.91293699], "cam_t_m2c": [25.87033825, -84.50975474, 967.99499324], "obj_bb": [304, 149, 73, 91], "obj_id": 5, "kps": [342.24908152787594, 194.77820207922753, 347.77793130294293, 267.5822565910708, 320.9901416052439, 229.62371067348568, 308.88906291966157, 187.2854628885089, 276.75199832846, 136.90192478283706, 398.28903927636355, 241.80079427936673, 381.9215036058824, 198.09749871013003, 355.7624834115156, 162.72383440911824, 332.46514196600583, 107.19793116303457]}]}, "9": {"img_name": "0009", "gt": [{"cam_R_m2c": [0.89800698, -0.40781, -0.165149, -0.43749899, -0.86746502, -0.236853, -0.0466698, 0.284949, -0.95740598], "cam_t_m2c": [3.5450306, -79.4952128, 974.94493664], "obj_bb": [293, 150, 68, 95], "obj_id": 5, "kps": [328.3764790761437, 196.83101607622058, 331.4865259089731, 266.4098474798838, 311.50225769143765, 241.02056485820648, 292.4697504866335, 182.72375197601582, 265.67387419502893, 141.7301735936062, 381.35904963173016, 242.18730989121443, 372.09724527265854, 211.39692368293905, 339.80656530988585, 159.29035289439202, 322.5652622747937, 113.28513737516286]}]}, "10": {"img_name": "0010", "gt": [{"cam_R_m2c": [0.986799, -0.16083901, 0.0189579, -0.15831, -0.98266, -0.0965253, 0.0341541, 0.0922498, -0.99515003], "cam_t_m2c": [-46.11048817, -71.30471751, 986.4972153], "obj_bb": [269, 150, 58, 103], "obj_id": 5, "kps": [298.6023112922304, 200.15420118144573, 280.9438122762828, 260.94649488148, 273.62355608424224, 252.8980635758126, 266.2644727748962, 166.6133007415917, 255.9252186325768, 138.43478938774768, 333.9856189497863, 252.38222564604843, 338.2693308234874, 242.4961548369714, 318.5386575102163, 158.4775445261681, 319.4343380384869, 128.66438041055343]}]}, "11": {"img_name": "0011", "gt": [{"cam_R_m2c": [0.989555, -0.142324, 0.0228942, -0.14077801, -0.98828602, -0.0589294, 0.031013, 0.0550909, -0.99800003], "cam_t_m2c": [-50.03455685, -56.79919118, 987.61224117], "obj_bb": [266, 158, 59, 104], "obj_id": 5, "kps": [296.40076205401454, 208.00357304513017, 277.89203695794714, 266.4438209428803, 270.4067184085896, 264.372756126737, 264.71220294182683, 171.47949112602305, 254.46150804858138, 148.90237114227057, 330.8505443191605, 258.84345654356395, 334.9289532533233, 255.12389625775572, 317.2222580469691, 164.22102713398493, 318.3192743567678, 140.15887988906903]}]}, "12": {"img_name": "0012", "gt": [{"cam_R_m2c": [0.992374, -0.120898, 0.0240236, -0.120831, -0.99266398, -0.00421721, 0.0243573, 0.00128224, -0.99970198], "cam_t_m2c": [-58.87017401, -63.86570433, 982.46016448], "obj_bb": [261, 153, 59, 105], "obj_id": 5, "kps": [291.2426260555839, 203.1366572939131, 272.04296537245375, 259.5352524354558, 263.39977956410235, 262.8351843301144, 260.38591763917725, 163.5298322173833, 249.19253360586214, 145.80714493046762, 325.1570400045659, 253.03003232076102, 328.1387225777663, 254.89998690712108, 313.5150175775315, 157.24412117282236, 313.9537862917866, 138.19795196639697]}]}, "13": {"img_name": "0013", "gt": [{"cam_R_m2c": [0.87521201, -0.463934, -0.13700099, -0.41494599, -0.57443601, -0.70558, 0.24864399, 0.67438, -0.695261], "cam_t_m2c": [-23.90072492, -25.82500806, 1028.47568588], "obj_bb": [280, 179, 64, 101], "obj_id": 5, "kps": [312.7544698826372, 234.34619242179238, 318.22283862432977, 306.9543449645682, 300.0318450360125, 228.4444409654256, 276.7976123617829, 247.67093552651707, 255.28985116043603, 170.78501087158784, 366.61678859702516, 282.49039684380904, 356.07009641887015, 202.5253262949797, 321.00664481607055, 227.04143944883043, 305.77331780716725, 149.33243936547873]}]}, "14": {"img_name": "0014", "gt": [{"cam_R_m2c": [0.87298203, -0.465839, -0.144559, -0.412413, -0.54673302, -0.728697, 0.26041999, 0.69575697, -0.669406], "cam_t_m2c": [-19.33239978, -5.83921614, 1018.39169741], "obj_bb": [282, 190, 64, 102], "obj_id": 5, "kps": [315.2340111244813, 245.66925944386392, 321.2927834774428, 319.0828334974192, 302.430565579085, 238.1615902464706, 278.96337299383214, 260.1841859596351, 257.0087347550754, 181.85046293155662, 370.1451894586323, 294.04786046620535, 358.84372195254105, 211.88394128167258, 323.4452602601235, 239.21314748225038, 307.6513012873135, 160.23514859176197]}]}, "15": {"img_name": "0015", "gt": [{"cam_R_m2c": [0.86632901, -0.47281399, -0.16100299, -0.42517501, -0.52893603, -0.73447502, 0.26210999, 0.70475101, -0.65925997], "cam_t_m2c": [-8.33603647, -1.05766768, 994.91112693], "obj_bb": [287, 191, 67, 105], "obj_id": 5, "kps": [321.39452168377375, 248.5730815837431, 329.09755784960447, 323.62551622350855, 308.7591820162703, 240.23657621931568, 284.3134244699501, 264.50160927428993, 260.80354112455325, 184.30289423797433, 378.5864404777662, 297.10065062769394, 366.03957371861503, 212.3656809449939, 329.2624851747641, 242.34309072503837, 312.0621425347662, 161.43886470904405]}]}, "16": {"img_name": "0016", "gt": [{"cam_R_m2c": [0.68177801, -0.55896199, -0.471953, -0.702546, -0.32038301, -0.63543999, 0.203981, 0.76479799, -0.61112702], "cam_t_m2c": [11.8340221, -63.52923642, 985.95994745], "obj_bb": [289, 156, 89, 104], "obj_id": 5, "kps": [336.25611185890057, 212.17538890655035, 369.1397526062391, 279.21405647665284, 313.4792424074085, 201.04074224709157, 310.9473879328967, 244.28591709500822, 256.14806009148623, 172.9418413862354, 408.1211942308422, 237.2440436792684, 359.09982214039286, 155.1954726426865, 346.1745013196714, 208.14145953876798, 296.6380505981258, 134.00315624014115]}]}, "17": {"img_name": "0017", "gt": [{"cam_R_m2c": [0.66774899, -0.56374699, -0.48610801, -0.71148503, -0.291352, -0.63945597, 0.218863, 0.77285397, -0.59564698], "cam_t_m2c": [0.74051099, -54.93471428, 990.75541535], "obj_bb": [282, 161, 90, 104], "obj_id": 5, "kps": [330.04571537741384, 217.32414596492373, 363.97924461335657, 283.1741552761952, 305.9367127063303, 205.3242767737732, 306.10613392449136, 250.5308148470255, 249.5517757731715, 179.9078306404228, 402.06044862820454, 240.67766926204814, 350.5121016068609, 159.18106878741284, 340.5813442547857, 213.95689032944185, 289.17902102928866, 140.708929405684]}]}, "18": {"img_name": "0018", "gt": [{"cam_R_m2c": [0.64511198, -0.486617, -0.58909702, -0.74371201, -0.22302499, -0.63020003, 0.175282, 0.84466797, -0.50577903], "cam_t_m2c": [27.02833733, -55.00523306, 990.05129659], "obj_bb": [295, 162, 97, 103], "obj_id": 5, "kps": [346.42102046977305, 217.2820239407035, 382.7848153641402, 280.42577230294177, 313.00637837709564, 202.9603615404853, 329.0611798616871, 254.0945012281715, 264.68488517237506, 185.86122485248404, 420.0652283158886, 235.45324713997562, 355.88257721144606, 154.50818728756556, 362.0953732445619, 215.6760153738573, 301.9796889957273, 144.95019293176637]}]}, "19": {"img_name": "0019", "gt": [{"cam_R_m2c": [0.64263499, -0.387734, -0.66082001, -0.75340003, -0.162966, -0.63704801, 0.139314, 0.907251, -0.396846], "cam_t_m2c": [90.36528132, -33.75793027, 1002.49686836], "obj_bb": [330, 176, 100, 101], "obj_id": 5, "kps": [382.9996242447898, 229.77268239633617, 419.8568398476997, 290.7176001830526, 344.3804118988865, 214.05449270828652, 369.73928119811393, 268.3059368512921, 302.5317123096472, 202.14912960113745, 456.8826018046985, 244.89819291073442, 385.8023147776582, 165.4822055695985, 401.98535205345604, 229.45018198353227, 338.0266924849393, 161.33960933850005]}]}, "20": {"img_name": "0020", "gt": [{"cam_R_m2c": [0.63919598, -0.35632399, -0.68151402, -0.75851703, -0.145979, -0.63509297, 0.126812, 0.92288899, -0.36358699], "cam_t_m2c": [109.45826069, -30.87794971, 994.8936779], "obj_bb": [341, 178, 101, 101], "obj_id": 5, "kps": [394.64697082838654, 231.33175432622065, 432.2422639331014, 292.1762287223771, 353.97952347656684, 215.06433387269075, 382.5598452727004, 270.84036570460546, 313.58305493610555, 204.7534013621831, 469.51916795025096, 245.4717583191936, 395.3668031479598, 165.74790071182994, 414.821364994561, 231.37323108337972, 348.8486189645423, 163.44300840918137]}]}, "21": {"img_name": "0021", "gt": [{"cam_R_m2c": [0.59334099, -0.55668598, -0.58141798, -0.75261003, -0.127451, -0.64601398, 0.28552499, 0.82088798, -0.494589], "cam_t_m2c": [5.73489054, -7.62317624, 981.35307641], "obj_bb": [282, 190, 98, 103], "obj_id": 5, "kps": [334.0927757976832, 244.7903188087255, 375.64076371285364, 305.7758440149637, 305.00279125552845, 227.99754827605773, 315.56843560348494, 284.8487412149883, 249.74647562105588, 216.73355664023504, 409.4708411592389, 258.9837466617726, 344.87308164151443, 178.63425008460078, 346.42981260051045, 244.83964932022616, 285.3526869485969, 174.89223335077665]}]}, "22": {"img_name": "0022", "gt": [{"cam_R_m2c": [0.688151, -0.18178201, -0.70242602, -0.72499299, -0.21076401, -0.655716, -0.0288492, 0.96048599, -0.27682799], "cam_t_m2c": [133.12536525, -68.7265882, 973.29176288], "obj_bb": [354, 153, 106, 106], "obj_id": 5, "kps": [410.7570544523303, 209.08317734744108, 439.84352511421577, 273.721612649173, 356.472913026012, 191.032089489285, 404.09619223024816, 248.45924827017149, 332.93571171743463, 178.4081576803962, 483.7735899843379, 227.83291851646848, 402.8671862265574, 141.9937554664191, 440.86698915196644, 209.88139258417414, 371.4163682773247, 137.62881272499362]}]}, "23": {"img_name": "0023", "gt": [{"cam_R_m2c": [0.72288501, -0.181742, -0.66663897, -0.69083798, -0.20885199, -0.69218701, -0.0134293, 0.96091098, -0.27653], "cam_t_m2c": [139.65645343, -53.13066719, 1006.01677525], "obj_bb": [358, 164, 101, 104], "obj_id": 5, "kps": [411.27876044886324, 219.38076841784041, 436.7754263529808, 283.101875653197, 360.64279161755184, 199.39168537433665, 402.5213484044691, 257.27351451010446, 337.13076791104896, 185.96863480237246, 481.0790503290517, 240.8884005817712, 407.49401169468865, 154.51349137300954, 439.87013046708665, 221.6160748546383, 376.27370443941527, 148.42846292151876]}]}, "24": {"img_name": "0024", "gt": [{"cam_R_m2c": [0.76602298, -0.18642101, -0.615188, -0.642398, -0.25640899, -0.72220498, -0.0231054, 0.948421, -0.31617099], "cam_t_m2c": [157.57757498, -72.55077016, 1028.95062398], "obj_bb": [369, 153, 94, 104], "obj_id": 5, "kps": [418.6079513749959, 209.41331258708692, 440.0978623773879, 273.294606008805, 373.1002595324668, 187.51841887721872, 405.92083552864693, 245.2866156015951, 347.63487204321183, 171.55232767316448, 485.831679607474, 235.16990527545138, 421.73797931423877, 146.61089521090364, 444.696051414578, 212.8478043228631, 388.477123738099, 137.12094408923414]}]}, "25": {"img_name": "0025", "gt": [{"cam_R_m2c": [0.97489399, 0.18697, -0.120931, -0.0587681, -0.307794, -0.94963598, -0.214775, 0.93290102, -0.28907901], "cam_t_m2c": [243.58886195, -43.55001542, 988.00239461], "obj_bb": [437, 160, 61, 117], "obj_id": 5, "kps": [467.02553879066033, 227.34798595604065, 440.2121199846917, 290.37952546442244, 432.34220507613213, 174.33664937075784, 440.1770954897948, 254.13423395877217, 433.56971153757513, 154.81199515281608, 504.02713082084256, 287.8249218548996, 500.0947994058941, 168.71034541217912, 494.0619901082714, 251.25727002364238, 490.2349044668258, 149.699771987741]}]}, "26": {"img_name": "0026", "gt": [{"cam_R_m2c": [0.981655, 0.122222, -0.146337, -0.0977651, -0.336263, -0.93668002, -0.163691, 0.93380302, -0.31814599], "cam_t_m2c": [159.6885047, -79.95504081, 1017.06872839], "obj_bb": [386, 141, 62, 114], "obj_id": 5, "kps": [416.3243994829418, 207.22915722441348, 392.0245209170604, 269.37405966727164, 378.7078406274513, 156.79976869430834, 393.2381825368122, 234.5789541915832, 382.0852092558634, 137.72307750691442, 452.49791873510384, 263.92651488099904, 443.10860431292895, 148.8966879982245, 444.6000947601578, 229.44328523716948, 436.25243473154137, 130.78614184217247]}]}, "27": {"img_name": "0027", "gt": [{"cam_R_m2c": [0.97275001, 0.160888, -0.166949, -0.102094, -0.349262, -0.93144703, -0.208167, 0.92310899, -0.32331899], "cam_t_m2c": [146.96591456, -81.76944601, 1047.40074966], "obj_bb": [377, 144, 62, 110], "obj_id": 5, "kps": [407.13906782670455, 207.15706675223834, 381.91046366993504, 267.9228436951278, 366.03470467099976, 159.8442416557924, 388.07827737813176, 233.17737522083164, 374.9495855114878, 139.47189457499485, 440.1340762927119, 262.4781800331044, 427.8538146322749, 151.56921925643633, 437.93351285358455, 227.89302005166016, 427.4182835247819, 132.0791579951781]}]}, "28": {"img_name": "0028", "gt": [{"cam_R_m2c": [0.96123898, 0.197349, -0.192545, -0.0850559, -0.45203301, -0.88793701, -0.26227, 0.86989599, -0.41772601], "cam_t_m2c": [171.48308989, -70.61532766, 1036.40374362], "obj_bb": [391, 149, 62, 111], "obj_id": 5, "kps": [421.61817841255385, 212.22855419628976, 395.32726275024726, 276.5261803015911, 378.4663524153306, 173.44158926545444, 403.4151661055471, 231.54756750507002, 389.6059832503143, 140.0985203756695, 453.5350557382997, 272.4576553696545, 441.3937921437548, 165.99315513186556, 453.7545711234829, 227.00160212580585, 443.4383560565162, 132.92933983797403]}]}, "29": {"img_name": "0029", "gt": [{"cam_R_m2c": [0.975173, 0.122927, -0.18419001, -0.115594, -0.426875, -0.89689201, -0.188879, 0.895917, -0.40206799], "cam_t_m2c": [154.61562889, -44.29832153, 992.22899351], "obj_bb": [384, 161, 65, 115], "obj_id": 5, "kps": [415.98505554264824, 226.10349764080775, 392.1771195672347, 294.19363995906934, 374.9158219729576, 185.7242722588794, 393.86422249758834, 246.95817808162903, 379.42108764395147, 151.8837169112798, 453.371062737828, 288.14195811362174, 441.25636171765643, 176.7312814516356, 446.0518815525753, 240.98483962832918, 435.30573986043646, 143.6910451493921]}]}, "30": {"img_name": "0030", "gt": [{"cam_R_m2c": [0.97441399, 0.18984599, -0.12032, -0.0544436, -0.320014, -0.94584697, -0.218069, 0.92819703, -0.30149001], "cam_t_m2c": [121.14949491, -113.72310242, 1030.73827876], "obj_bb": [365, 124, 59, 112], "obj_id": 5, "kps": [393.8310461929227, 189.21121744166058, 363.8110648425443, 247.70619032951157, 351.86120405130305, 134.8236888252345, 375.280552796282, 217.99682942766526, 365.7797574519044, 120.89776177003624, 422.97184047383536, 244.5720849973325, 414.5454367958362, 128.74956715489148, 425.85522934720075, 214.75318668921406, 418.90829713693915, 115.49241485454863]}]}, "31": {"img_name": "0031", "gt": [{"cam_R_m2c": [0.98958302, 0.00242218, -0.143944, -0.13341901, -0.36020601, -0.92328298, -0.054086, 0.93286997, -0.35613099], "cam_t_m2c": [27.20446547, -113.60676558, 998.51487396], "obj_bb": [310, 120, 65, 116], "obj_id": 5, "kps": [342.504105548, 187.28258455018008, 319.8778701623138, 251.2740928406757, 301.35730500752845, 135.6676356369159, 320.9175610051117, 216.35845390713112, 305.4522030422446, 117.10604235171331, 380.23163522611986, 243.16950907695824, 366.346716797125, 126.20606676395066, 372.097260959497, 209.31579317916479, 359.92686451483206, 109.08165502970513]}]}, "32": {"img_name": "0032", "gt": [{"cam_R_m2c": [0.964131, -0.257633, -0.0638436, -0.15451901, -0.349222, -0.92421198, 0.215812, 0.90092701, -0.37650499], "cam_t_m2c": [-46.65950675, -158.38797689, 1008.81186838], "obj_bb": [269, 95, 60, 116], "obj_id": 5, "kps": [299.34972670719094, 162.71493030749912, 285.81186877969606, 224.38649037939678, 274.4910638382493, 106.16218778066816, 267.5832237182623, 194.3573777602059, 256.7651657912753, 92.59240302441546, 343.78669703447605, 215.61197468549503, 337.4308511899833, 99.53072947966716, 317.5629081947195, 187.41962153585706, 310.3885359546447, 87.2578089530387]}]}, "33": {"img_name": "0033", "gt": [{"cam_R_m2c": [0.98791701, -0.15409, -0.0166321, -0.0537003, -0.239657, -0.96937102, 0.145384, 0.95855099, -0.24503601], "cam_t_m2c": [-3.04627443, -37.37131958, 1025.59930619], "obj_bb": [296, 166, 55, 113], "obj_id": 5, "kps": [323.55274179235533, 231.68113026276254, 302.9518410369593, 290.7151879564098, 299.75207668471916, 174.55298717693492, 292.19382857235246, 261.07287784603415, 289.0374143762201, 162.3239070455191, 362.0773479688103, 286.77761472305275, 361.9724826719279, 172.25875356907125, 342.44919216326844, 258.11496406666396, 341.5110758591873, 160.55779738731454]}]}, "34": {"img_name": "0034", "gt": [{"cam_R_m2c": [0.95014101, -0.31109101, 0.0213065, -0.0902141, -0.33965501, -0.93621403, 0.298484, 0.887613, -0.35078499], "cam_t_m2c": [35.46288019, -13.45991086, 1048.60580081], "obj_bb": [315, 181, 56, 111], "obj_id": 5, "kps": [343.6136753064869, 244.26802287255376, 333.2617133356564, 307.52118961827944, 336.4247383978452, 199.1496940601758, 303.9436261787001, 267.4753646754782, 304.78979011955226, 172.7725560387361, 386.9292803147495, 300.4558303794534, 393.83528209954073, 195.01395215035205, 351.0102081694802, 262.400027739719, 354.7141537694742, 169.95253250262147]}]}, "35": {"img_name": "0035", "gt": [{"cam_R_m2c": [0.932455, -0.35962701, 0.0345737, -0.134205, -0.43363401, -0.89103901, 0.33543399, 0.82621402, -0.45260799], "cam_t_m2c": [24.28400758, -59.31678807, 1043.1697245], "obj_bb": [309, 156, 56, 110], "obj_id": 5, "kps": [337.35617887507084, 218.64538351208756, 329.07665926124844, 284.23078167999137, 333.67110502247886, 179.18134127906185, 295.89790895525, 239.21543400137693, 297.08874922778864, 145.35389143316686, 381.2417809519541, 275.30337480663195, 390.53142600274145, 173.1959335628117, 342.3688174756143, 232.71618094321957, 347.2565752021215, 141.2402244352011]}]}, "36": {"img_name": "0036", "gt": [{"cam_R_m2c": [0.95007801, -0.198934, 0.240371, 0.0689965, -0.61736101, -0.78364801, 0.30428901, 0.76111102, -0.572815], "cam_t_m2c": [98.82714368, -43.14007935, 1018.3354442], "obj_bb": [339, 166, 75, 107], "obj_id": 5, "kps": [376.97995005428004, 225.4977750723473, 351.7296630477296, 291.56684462010077, 385.4224424885651, 198.68167735875326, 330.1242103747332, 228.40521602138386, 356.8733290561377, 141.2670315389956, 404.6744200688903, 293.9885350779843, 443.6940720835777, 204.53297308135828, 377.3166336013435, 232.20998114245353, 408.2827370355002, 148.02657575484668]}]}, "37": {"img_name": "0037", "gt": [{"cam_R_m2c": [0.93237603, -0.31478599, 0.177719, -0.113662, -0.72198498, -0.68250901, 0.343155, 0.61615598, -0.70894098], "cam_t_m2c": [54.94500902, -130.92163773, 1007.70701727], "obj_bb": [318, 116, 69, 106], "obj_id": 5, "kps": [353.3306788154458, 174.80426034080335, 336.3063716218029, 245.79203883073848, 360.8234742748602, 158.78327901788327, 305.8206033236296, 177.90303766415056, 323.24654147320746, 91.32584989666, 387.77833704508623, 239.33487163944903, 419.2057473146561, 154.6836266612007, 353.1947405487923, 174.11738001992308, 376.45267494820695, 89.984554039305]}]}, "38": {"img_name": "0038", "gt": [{"cam_R_m2c": [0.91490501, -0.38788301, 0.111787, -0.26263201, -0.782269, -0.56487101, 0.30655101, 0.48744401, -0.817572], "cam_t_m2c": [-32.47037417, -115.71688811, 989.24109937], "obj_bb": [274, 127, 60, 100], "obj_id": 5, "kps": [304.74096711790105, 180.804397190786, 294.5326348263899, 255.32241636869733, 303.3879235510011, 183.97475500542103, 260.2293282122385, 179.9138131131779, 262.46193247256457, 102.57875849174104, 346.22111449001613, 240.322908037792, 364.05680143845547, 168.78083724581342, 308.79733805693087, 168.15766997591, 318.8911117628688, 91.36644554887006]}]}, "39": {"img_name": "0039", "gt": [{"cam_R_m2c": [0.99864697, 0.0167416, 0.0492233, 0.0411806, -0.83263701, -0.55228502, 0.031739, 0.55356503, -0.832201], "cam_t_m2c": [200.51362467, -38.23296815, 956.217827], "obj_bb": [406, 174, 75, 95], "obj_id": 5, "kps": [442.53873880802774, 224.09509078209246, 408.89057891587925, 293.8058208750647, 431.8869910850289, 229.43015994809883, 402.74257895801435, 209.02853648273705, 422.1628861876022, 136.87445703359916, 466.9291952573777, 296.04759422541605, 501.1529579381473, 232.35808617059425, 455.4346001443046, 211.31219460933636, 483.94706261466985, 139.80392907029173]}]}, "40": {"img_name": "0040", "gt": [{"cam_R_m2c": [0.99412501, 0.0733339, 0.0796045, 0.0994118, -0.90951002, -0.40361899, 0.0428022, 0.409161, -0.91145802], "cam_t_m2c": [156.27481908, -78.48893673, 951.00154027], "obj_bb": [380, 150, 76, 95], "obj_id": 5, "kps": [416.75321340646735, 198.27708728854918, 377.8104102645499, 264.0013818586096, 399.8018961849207, 214.2373705836525, 381.2753313398377, 174.20562614596318, 402.1262140865948, 110.90266906648839, 434.69685578857, 269.6298210368038, 468.7101373578743, 221.32599266218244, 434.22499279695126, 179.8050692406276, 465.34117599609726, 117.90096254304787]}]}, "41": {"img_name": "0041", "gt": [{"cam_R_m2c": [0.99434102, 0.0724162, 0.0777284, 0.0972895, -0.914599, -0.392483, 0.0426682, 0.397825, -0.91646898], "cam_t_m2c": [149.90505552, -72.35772561, 953.49527105], "obj_bb": [377, 154, 75, 95], "obj_id": 5, "kps": [412.78990836916853, 201.85640807023756, 374.11341121785733, 267.12547820327575, 395.0395414013437, 219.7392116613553, 377.8323550427796, 176.83194129003667, 397.80921785951256, 115.42077214997715, 430.8028508587726, 272.59685375597866, 463.7371436926949, 226.6253295132154, 430.71279460336206, 182.29647813346048, 460.99170508920173, 122.25219352664756]}]}, "42": {"img_name": "0042", "gt": [{"cam_R_m2c": [0.98749, -0.112531, 0.110458, -0.0632472, -0.924348, -0.37627101, 0.144444, 0.36457801, -0.91990203], "cam_t_m2c": [131.65228269, -49.31173232, 956.87760851], "obj_bb": [364, 166, 76, 98], "obj_id": 5, "kps": [400.9473962757437, 215.2772340345067, 371.6065581224424, 284.45512248647196, 396.3950978798877, 243.05332739533236, 357.81547008447205, 191.9092636531705, 378.01513910030917, 135.12176216582085, 426.79365229263334, 280.2656692817568, 462.83559865569816, 238.6929879313628, 409.82055340774895, 189.21559129473317, 439.9015128277311, 132.80983699652845]}]}, "43": {"img_name": "0043", "gt": [{"cam_R_m2c": [0.97917002, -0.17394701, 0.104733, -0.124911, -0.92271399, -0.364685, 0.16007499, 0.344006, -0.92522198], "cam_t_m2c": [164.29623699, -52.47565267, 949.36555084], "obj_bb": [383, 163, 78, 99], "obj_id": 5, "kps": [420.7151658279258, 213.0537144654739, 394.3273183993021, 283.9445405358549, 423.57423458122025, 243.70324693175456, 373.2194508335682, 190.8972958248147, 396.10969340982086, 134.61672422173854, 448.84482942528484, 276.1700816354017, 489.20923451011873, 235.03906778417408, 424.89097210834774, 184.96592589802424, 457.67205890363437, 128.51280305478377]}]}, "44": {"img_name": "0044", "gt": [{"cam_R_m2c": [0.97690701, -0.192297, 0.093138, -0.148403, -0.92426699, -0.35172099, 0.15371899, 0.329777, -0.93146002], "cam_t_m2c": [146.99461342, -58.92390469, 956.99118261], "obj_bb": [373, 160, 75, 99], "obj_id": 5, "kps": [409.9230948211613, 209.3353463000474, 385.4906919363236, 279.91164356200005, 411.059220461898, 241.0103588477007, 363.4029472409861, 187.67177462709975, 382.76361743850254, 132.67027201481724, 439.5680733519127, 270.96914725357647, 476.22248934498276, 230.87075048913016, 414.80752805413533, 180.54066342458822, 444.09236385708056, 125.05858121535866]}]}, "45": {"img_name": "0045", "gt": [{"cam_R_m2c": [0.97012699, -0.213357, 0.115464, -0.172584, -0.94145799, -0.28960699, 0.17049401, 0.26102901, -0.95015597], "cam_t_m2c": [68.8602002, -34.27057926, 980.6689485], "obj_bb": [329, 174, 69, 100], "obj_id": 5, "kps": [362.9270003160686, 223.46748041718638, 340.76486421466205, 290.59508775192523, 359.05067078517936, 263.44968218068243, 319.67902727540877, 198.23606498678217, 332.7099692982148, 153.70443461619172, 393.4367312838163, 280.3721500703553, 422.4626932710564, 251.6064309911209, 370.4168753292681, 189.88842123729765, 393.3460469891694, 144.51921419032902]}]}, "46": {"img_name": "0046", "gt": [{"cam_R_m2c": [0.90175802, -0.42365599, 0.0857185, -0.335944, -0.81172502, -0.47775, 0.271981, 0.40201801, -0.874304], "cam_t_m2c": [83.67765479, -6.64472072, 987.92894467], "obj_bb": [338, 197, 67, 88], "obj_id": 5, "kps": [370.93341387355895, 241.77710539207777, 363.5791473591564, 315.17668003991565, 382.3322770029841, 267.46081814974747, 320.77782413312735, 233.0325259937418, 330.222442262616, 174.05789239744152, 412.1375400586252, 294.766805224601, 439.6490001338516, 244.609990217203, 367.22059291579984, 215.95652958175117, 384.6440072918679, 155.64398784453005]}]}, "47": {"img_name": "0047", "gt": [{"cam_R_m2c": [0.87479198, -0.483291, 0.0341974, -0.381428, -0.73049599, -0.56647003, 0.298751, 0.482499, -0.82337302], "cam_t_m2c": [120.3670188, -8.25594208, 961.04406191], "obj_bb": [360, 191, 73, 96], "obj_id": 5, "kps": [394.1096450034283, 242.07641300198105, 393.4095766349291, 319.29662875687626, 411.23977883668016, 257.738125317632, 340.8013667291799, 241.74768666249702, 347.6921786427735, 172.52997159368016, 441.2538934963864, 295.2088519844656, 467.40684020651935, 231.3174656542697, 386.2699702098828, 221.70460321139066, 400.65434102024165, 151.30317900331153]}]}, "48": {"img_name": "0048", "gt": [{"cam_R_m2c": [0.81145298, -0.577887, -0.0871282, -0.46219501, -0.54333699, -0.70082903, 0.35765901, 0.60895997, -0.70798898], "cam_t_m2c": [150.11352203, 42.78163244, 948.96278516], "obj_bb": [382, 217, 76, 106], "obj_id": 5, "kps": [413.9366249146813, 274.45970704088575, 428.4396900130594, 353.4319377922351, 434.00348199182827, 275.8626765593004, 360.60341748469517, 288.0344283317325, 355.3571857785082, 210.0482477409334, 472.4062678338965, 322.07632234752117, 484.8853445180887, 242.72249073604408, 402.34990039644, 262.0218042324601, 403.30557993711227, 183.24233619157607]}]}, "49": {"img_name": "0049", "gt": [{"cam_R_m2c": [0.66544503, -0.74401802, 0.0601758, -0.50212502, -0.50582898, -0.701433, 0.55231702, 0.43654901, -0.71019101], "cam_t_m2c": [-81.05248036, -42.94175316, 982.25964896], "obj_bb": [243, 166, 76, 107], "obj_id": 5, "kps": [276.398630386183, 224.25960321077386, 294.53919269837274, 298.20117592031215, 297.43092259530766, 215.19692551036255, 223.9909043580973, 244.3856602473973, 216.14452855476958, 160.4985419406753, 333.1288325176515, 267.25995897071317, 341.7308450543882, 184.65899690537546, 263.3536438726052, 218.31801813539943, 261.4733803961375, 135.53520890306845]}]}, "50": {"img_name": "0050", "gt": [{"cam_R_m2c": [0.66895002, -0.74326801, -0.00763586, -0.56614298, -0.50282502, -0.653184, 0.48165101, 0.44126999, -0.75716102], "cam_t_m2c": [20.42584166, -116.58747903, 994.59028969], "obj_bb": [300, 123, 80, 107], "obj_id": 5, "kps": [335.22127076097684, 182.19386720925732, 356.6407485797687, 254.0064673946994, 361.0244494487025, 171.34695736570035, 282.95062529051324, 204.74316636939187, 275.42385422233616, 121.44839262017318, 391.8762965032942, 222.34604537276854, 401.7335600851031, 138.98919442948022, 318.84919942569763, 177.43786983979234, 317.03581053777197, 94.18195943285274]}]}, "51": {"img_name": "0051", "gt": [{"cam_R_m2c": [0.64829099, -0.75472301, -0.100561, -0.56134099, -0.384536, -0.732822, 0.51440799, 0.53153098, -0.672948], "cam_t_m2c": [49.97352932, -86.28316999, 996.61336939], "obj_bb": [317, 140, 81, 110], "obj_id": 5, "kps": [352.9525524833636, 200.60145909016066, 380.69966943816814, 269.8956987206463, 376.1218167233277, 179.13287569486008, 303.3193694282059, 230.4308423339333, 288.6285430189598, 143.46882112629868, 413.9188342916075, 237.28530726257634, 414.36634049164667, 147.02231046607696, 337.24453381939026, 202.39539960155227, 327.70910928359206, 116.28231367410532]}]}, "52": {"img_name": "0052", "gt": [{"cam_R_m2c": [0.73202902, -0.64882201, -0.207756, -0.54150802, -0.36908799, -0.75534302, 0.413403, 0.66543502, -0.621526], "cam_t_m2c": [153.88490178, -66.60195319, 969.41305559], "obj_bb": [380, 148, 81, 114], "obj_id": 5, "kps": [415.6591589059392, 211.20426082512964, 443.6278994728649, 282.8183101292955, 433.0146377733228, 187.3648301697215, 367.0926608736171, 242.21327324258237, 348.12017157189314, 153.77667314774763, 481.30781696842297, 249.47985383635714, 476.42081225374505, 153.98382960722847, 403.54008219774147, 214.02809381420752, 389.7963159156922, 125.88541669369144]}]}, "53": {"img_name": "0053", "gt": [{"cam_R_m2c": [0.73790997, -0.65944302, -0.14361, -0.49562699, -0.385061, -0.77851301, 0.45808601, 0.64564902, -0.61097801], "cam_t_m2c": [175.35705017, -90.39251794, 983.43451845], "obj_bb": [390, 135, 83, 113], "obj_id": 5, "kps": [425.9503950603022, 198.2042547289495, 451.57096307790647, 268.91055546683896, 450.41394255899974, 170.00115927531243, 374.17610274682863, 228.74784814906238, 363.6163895998661, 136.98086507236917, 488.05628761474503, 239.22584683855436, 491.8191962852177, 141.50147692195586, 410.0307784230639, 203.81116575843095, 404.174302628155, 113.32179384937768]}]}, "54": {"img_name": "0054", "gt": [{"cam_R_m2c": [0.71247101, -0.67718399, -0.183869, -0.50756103, -0.31640801, -0.80141598, 0.48452801, 0.66430998, -0.569143], "cam_t_m2c": [176.44254296, -80.86580695, 968.02929798], "obj_bb": [391, 138, 86, 117], "obj_id": 5, "kps": [428.66834494387956, 203.4840880606604, 459.40465142309824, 273.28670538582185, 452.6430278075597, 169.9060379359288, 377.5735838842552, 238.5739005659477, 362.1634187746288, 144.31744648732524, 494.40729350002476, 242.01809881971042, 492.42333438324613, 140.46309765554574, 412.367830076924, 212.24365187826194, 401.5573125122335, 119.69102206710514]}]}, "55": {"img_name": "0055", "gt": [{"cam_R_m2c": [0.69198298, -0.70653898, -0.148197, -0.40540999, -0.21047001, -0.88957602, 0.59732902, 0.67565203, -0.43207899], "cam_t_m2c": [150.43516925, -24.61500634, 992.58093257], "obj_bb": [374, 173, 84, 116], "obj_id": 5, "kps": [411.1100325390916, 237.7418316185023, 443.11687570908526, 303.55830997640777, 435.4716182581508, 194.50338305714772, 360.54557867290845, 275.8767941205405, 346.81824453966027, 178.1025965223155, 475.84253744772536, 276.5023907595892, 471.6774314280597, 172.1253619405738, 394.1163470819627, 253.2525718720572, 383.8782304302602, 159.3092698862312]}]}, "56": {"img_name": "0056", "gt": [{"cam_R_m2c": [0.71876103, -0.68725699, -0.105163, -0.38823599, -0.271265, -0.88073099, 0.57676202, 0.67386401, -0.46179301], "cam_t_m2c": [88.29640037, -45.13638256, 1024.17552168], "obj_bb": [340, 163, 76, 112], "obj_id": 5, "kps": [373.6972910988857, 226.28076961988515, 398.2206426847354, 291.5176706198083, 392.4455385675768, 186.42410532903156, 325.1521726499873, 260.32531813607227, 313.61449607219487, 165.19976200740217, 434.1290756327868, 267.09443598690046, 432.0998107850028, 166.14373464415118, 360.9300759611686, 240.04732952389284, 353.0115095355768, 148.39520095358125]}]}, "57": {"img_name": "0057", "gt": [{"cam_R_m2c": [0.84208399, -0.49110499, -0.222958, -0.41545299, -0.32701799, -0.84879798, 0.34393799, 0.80738801, -0.479408], "cam_t_m2c": [243.57048735, -29.45240824, 963.0722528], "obj_bb": [437, 168, 76, 118], "obj_id": 5, "kps": [469.6326267924926, 233.99678151104038, 491.83488676512644, 306.6173465828222, 480.63019695338585, 199.67894486053814, 420.92901359241915, 265.722368885131, 404.6446518203408, 171.01618957359585, 536.7336945896893, 279.07945601645105, 530.8260546858401, 173.47676258074233, 462.07206696189365, 243.14676157775185, 450.1414612696272, 149.61824040752154]}]}, "58": {"img_name": "0058", "gt": [{"cam_R_m2c": [0.71921802, -0.67410702, -0.168238, -0.41243801, -0.219372, -0.88417798, 0.55912399, 0.70530498, -0.43580401], "cam_t_m2c": [105.47276008, -61.98828648, 994.15867088], "obj_bb": [351, 151, 78, 116], "obj_id": 5, "kps": [385.6943358268319, 216.35939556389326, 414.26714893119856, 281.1654910491561, 401.3060721119351, 170.71736434387833, 338.20552457500867, 255.15606640566156, 320.42603531224165, 156.82062928840776, 450.7299059139925, 255.12906027947705, 441.9270503937313, 149.07613186588927, 374.32375336002036, 233.3761724479964, 360.42407960436776, 138.58670663297193]}]}, "59": {"img_name": "0059", "gt": [{"cam_R_m2c": [0.75865197, -0.61052197, -0.2274, -0.42893699, -0.205355, -0.87968302, 0.49036801, 0.76491398, -0.41766801], "cam_t_m2c": [123.15811215, -125.60202018, 1038.65369877], "obj_bb": [362, 119, 70, 112], "obj_id": 5, "kps": [393.58717142808376, 182.69233937538587, 419.67663562367756, 241.98678841235568, 400.2310935126899, 133.84466869432072, 351.4682216186144, 222.94263225110345, 329.32364608237395, 127.740974123598, 457.4834187710793, 218.01468265056855, 442.25476029899704, 113.44426281188204, 387.6675249116229, 202.6137369428989, 369.2061052039306, 110.21351899347532]}]}, "60": {"img_name": "0060", "gt": [{"cam_R_m2c": [0.70601499, -0.622531, -0.33763501, -0.48656499, -0.0799768, -0.86997598, 0.514584, 0.77849799, -0.35936701], "cam_t_m2c": [61.43358659, -103.68914411, 1002.39222419], "obj_bb": [324, 129, 76, 115], "obj_id": 5, "kps": [362.46354154105825, 193.08858284066363, 395.34122003517683, 249.5949260700386, 357.9503599693333, 139.19403424320444, 326.304486423953, 240.9007855443544, 289.3930683873612, 145.3352327920442, 432.72463481561607, 220.85547875206532, 400.25601368292865, 114.49158103370142, 362.1797026955876, 216.14613068075937, 329.4139382177775, 123.61843034283773]}]}, "61": {"img_name": "0061", "gt": [{"cam_R_m2c": [0.76564699, -0.61246598, -0.19664501, -0.41778299, -0.241017, -0.87599599, 0.48912299, 0.752859, -0.44041201], "cam_t_m2c": [32.80261403, -105.16424379, 1025.60103117], "obj_bb": [312, 129, 68, 113], "obj_id": 5, "kps": [344.2386946036252, 193.14049242025533, 365.7260802360614, 255.3729656955674, 345.0997551731222, 147.26125936807006, 303.4330311740835, 231.1337696551388, 280.3796052288147, 135.41949149904707, 406.8968034758544, 231.15640707969607, 391.0936040388877, 126.51976526079324, 342.39607220726185, 210.80013683122775, 323.48842967423974, 117.85879563733248]}]}, "62": {"img_name": "0062", "gt": [{"cam_R_m2c": [0.773166, -0.60533798, -0.18915799, -0.376295, -0.197779, -0.90514398, 0.51050597, 0.77100599, -0.38070101], "cam_t_m2c": [-20.31081255, -80.24066838, 1015.22045414], "obj_bb": [281, 142, 67, 114], "obj_id": 5, "kps": [314.7632935303456, 206.9602066206176, 333.68426203134874, 268.66718579343257, 310.619364919371, 156.92465226409206, 275.15617427702404, 246.45565402909418, 251.0315155304139, 148.42611530975446, 377.5187113664991, 245.72118846558305, 359.1859921321115, 138.3227215717961, 316.26171305522195, 227.30711154622412, 296.1151227355925, 132.65864193815932]}]}, "63": {"img_name": "0063", "gt": [{"cam_R_m2c": [0.78293997, -0.58759898, -0.204285, -0.36782801, -0.172428, -0.91376698, 0.50170398, 0.79056698, -0.351136], "cam_t_m2c": [3.47921974, -74.20948023, 1003.21099519], "obj_bb": [294, 145, 68, 115], "obj_id": 5, "kps": [328.2829333663623, 210.10004863176482, 347.9256449370975, 271.64924783344037, 323.7155340822026, 157.52284726334383, 288.5013837303824, 251.1346680928525, 263.73708181346774, 151.78211824371863, 392.3663356926891, 248.6730116526055, 372.7598645585518, 139.