{"class": 6, "diam": 154.54551808, "obj_name": "cat", "img_path": "../../dataset/Linemod_preprocessed/data/06/rgb", "depth_path": "../../dataset/Linemod_preprocessed/data/06/depth", "mask_path": "../../dataset/Linemod_preprocessed/data/06/mask", "trainlist": "../../dataset/Linemod_preprocessed/data/06/train.txt", "testlist": "../../dataset/Linemod_preprocessed/data/06/test.txt", "gt_num": 1179, "0": {"img_name": "0000", "gt": [{"cam_R_m2c": [0.0950661, 0.98330897, -0.155129, 0.74159598, -0.173913, -0.64791101, -0.66407597, -0.0534489, -0.74575198], "cam_t_m2c": [71.62781422, -158.20064191, 1050.77777823], "obj_bb": [331, 130, 65, 64], "obj_id": 6, "kps": [363.9719571686414, 161.43358368203184, 332.82439092791043, 173.4915888746351, 323.3657702831542, 125.40647989175409, 397.3922658012187, 161.63682869940416, 393.38411297491103, 112.21968429302211, 336.52705226060857, 197.15232206635477, 326.97069115449926, 148.9991352262393, 403.80659832753577, 184.95503715580352, 400.1892356241321, 135.37836339223142]}]}, "1": {"img_name": "0001", "gt": [{"cam_R_m2c": [0.0968852, 0.98155802, -0.16479699, 0.70718402, -0.18440001, -0.68256003, -0.70036, -0.0504118, -0.71200699], "cam_t_m2c": [69.9119503, -153.42090728, 1048.82909539], "obj_bb": [330, 132, 65, 65], "obj_id": 6, "kps": [363.203629024716, 164.0971451101585, 332.28193324400456, 177.746774392542, 322.1312556247289, 128.05967864652354, 396.87539813676904, 165.22259888367645, 391.9197243413984, 114.20469193070358, 336.06164999680567, 200.32073460919227, 325.74853227596003, 150.18364625758707, 403.5272075116485, 187.38062833899596, 398.9017409771917, 135.81058298150182]}]}, "2": {"img_name": "0002", "gt": [{"cam_R_m2c": [0.0823712, 0.98194897, -0.170265, 0.74727702, -0.173894, -0.641357, -0.65938801, -0.074406, -0.74811202], "cam_t_m2c": [79.42117864, -153.95519382, 1004.36622863], "obj_bb": [335, 127, 69, 67], "obj_id": 6, "kps": [370.2518709537049, 160.1030086073731, 338.03675446762855, 172.57356080466104, 327.578742356711, 122.62499095891337, 405.4710702806424, 160.0084549575191, 400.97166840178426, 108.4455585036867, 341.64900493092694, 197.45531205474867, 331.0375738428696, 147.48484237883494, 412.0339598094589, 184.57799742552822, 407.9393127085039, 132.88718807006015]}]}, "3": {"img_name": "0003", "gt": [{"cam_R_m2c": [0.00710174, 0.99678499, -0.0798033, 0.80279499, -0.0532654, -0.59387201, -0.59621298, -0.0598482, -0.80059201], "cam_t_m2c": [102.91078403, -118.14264904, 985.28046364], "obj_bb": [350, 149, 72, 60], "obj_id": 6, "kps": [383.8665667651262, 178.71846381585698, 348.97299511796064, 184.0646811811157, 345.71361906374995, 136.81030808107786, 418.6038645312971, 179.9230690299833, 422.17882547315025, 131.88244548420099, 350.1733792252614, 212.15043699885038, 346.89519534142283, 165.71278273083217, 422.5718249138113, 208.05747880971643, 426.7110001046793, 160.81104838561126]}]}, "4": {"img_name": "0004", "gt": [{"cam_R_m2c": [0.0328225, 0.99940801, -0.0102944, 0.87191898, -0.0336672, -0.48849201, -0.48854899, 0.00705765, -0.87250799], "cam_t_m2c": [52.51113064, -129.19389981, 1006.67438827], "obj_bb": [320, 145, 72, 56], "obj_id": 6, "kps": [353.7323129895462, 173.07425380347348, 318.9909194940268, 173.90903828529923, 317.6168472381892, 132.83986079256707, 386.934182802248, 171.6728783654865, 392.72304821844835, 130.40604543861386, 320.00304717907557, 203.95598151880515, 318.69155686678465, 164.73499940699168, 390.0801132985463, 201.62358964130897, 396.41385204885137, 162.18579571377308]}]}, "5": {"img_name": "0005", "gt": [{"cam_R_m2c": [0.0932301, 0.98527199, -0.143345, 0.73234099, -0.165398, -0.66054499, -0.67452502, -0.0433945, -0.73697501], "cam_t_m2c": [135.21173572, -134.32312546, 1006.52045918], "obj_bb": [368, 139, 68, 66], "obj_id": 6, "kps": [401.386992920273, 171.4721189487856, 366.59051002648647, 183.62737078793054, 360.4606780984613, 133.49853986256696, 434.1010533588944, 172.0048916471341, 433.88121294449525, 120.57023952809375, 371.876287446524, 208.39225230399833, 365.9377615463987, 158.13396421850203, 442.39413424063395, 196.39085247054385, 442.9291252866329, 144.72807171392273]}]}, "6": {"img_name": "0006", "gt": [{"cam_R_m2c": [0.0826054, 0.98752999, -0.134019, 0.74214798, -0.150709, -0.653072, -0.66512603, -0.0455144, -0.74534303], "cam_t_m2c": [142.58925727, -133.41315293, 1000.32204526], "obj_bb": [372, 139, 69, 66], "obj_id": 6, "kps": [405.95158412965264, 171.49207120761335, 370.58761616765753, 182.87936494353437, 365.4513893329777, 132.78739449772675, 438.67649231465754, 172.18179333034465, 439.61758069102075, 120.83203293282946, 375.65125342274064, 208.1425077333093, 370.7437729510636, 158.02817857571077, 446.7474510700906, 197.12102009269248, 448.4922254513999, 145.6581222189428]}]}, "7": {"img_name": "0007", "gt": [{"cam_R_m2c": [0.030816, 0.99684, -0.0732081, 0.80559701, -0.068126, -0.58853501, -0.591663, -0.0408399, -0.80515099], "cam_t_m2c": [132.16536345, -71.74113546, 1002.73508676], "obj_bb": [365, 177, 72, 59], "obj_id": 6, "kps": [399.3339734942849, 206.05119958764408, 363.5930380341799, 210.0549741941215, 362.26672643499046, 166.41458369025736, 432.019701095474, 205.22565108272303, 437.33925327188996, 160.88184772865094, 366.20903220367836, 238.8067567694713, 365.09035580911274, 196.22028555906064, 437.289087122776, 233.9369480714483, 443.3687899940472, 190.61895753693378]}]}, "8": {"img_name": "0008", "gt": [{"cam_R_m2c": [-0.0375951, 0.999273, -0.00626543, 0.88062, 0.0301662, -0.47286099, -0.47232899, -0.0232947, -0.88111502], "cam_t_m2c": [121.08340048, -89.67821377, 1027.40953861], "obj_bb": [356, 171, 74, 53], "obj_id": 6, "kps": [390.89728756910756, 196.0912917929657, 356.03120460056414, 193.22293088902242, 358.81398943859153, 156.05220378256263, 422.87829881601147, 195.10971984658056, 432.65749755688523, 158.02460269009103, 355.59154820527044, 223.55823303968174, 358.4186229213793, 188.42947074590148, 424.42996790356574, 225.5862019182983, 434.6997059923079, 190.5674580247066]}]}, "9": {"img_name": "0009", "gt": [{"cam_R_m2c": [-0.0517398, 0.99685299, 0.0600664, 0.92227501, 0.0707663, -0.38, -0.383055, 0.0357366, -0.92303401], "cam_t_m2c": [65.95038237, -72.85036769, 1037.1159897], "obj_bb": [324, 182, 75, 49], "obj_id": 6, "kps": [359.70316606745024, 205.02200135371203, 325.54197484455466, 197.30821644648339, 329.6376796400695, 166.65670996392538, 391.3633852506466, 202.17484134044983, 402.5906320855427, 172.19208596450562, 323.7045910560332, 229.17890260769147, 327.7030944316681, 201.28472101828524, 391.0970438785581, 234.0266083474641, 402.59097753083734, 206.80378828633093]}]}, "10": {"img_name": "0010", "gt": [{"cam_R_m2c": [-0.0586156, 0.99515897, 0.0788793, 0.94304502, 0.0811181, -0.32262301, -0.32745999, 0.055476, -0.94323498], "cam_t_m2c": [25.5646504, -55.36217444, 1033.86143056], "obj_bb": [302, 192, 75, 48], "obj_id": 6, "kps": [337.5702943008469, 214.07646651179206, 304.0641386801874, 203.7710271506133, 307.0613417657128, 177.4237068360659, 370.069852942579, 209.39666894194, 380.410109433688, 183.86488888462438, 301.53936022665823, 236.7149864880394, 304.3146136022753, 213.55421162742476, 368.900434234728, 242.23911766613787, 379.3409349120935, 219.8774952306687]}]}, "11": {"img_name": "0011", "gt": [{"cam_R_m2c": [-0.0509366, 0.99508399, 0.0849299, 0.94924498, 0.0746684, -0.30554599, -0.31038499, 0.0650558, -0.94838202], "cam_t_m2c": [8.11430475, -45.35557149, 1029.80126922], "obj_bb": [293, 197, 74, 47], "obj_id": 6, "kps": [327.99017802615424, 219.35914092826005, 294.50014251345686, 208.43515379272125, 296.8294645999358, 183.61867744383292, 360.81975493059844, 213.65793600799142, 370.60187202356684, 189.6383428023929, 292.0783503400126, 241.84990940915128, 294.17701861513734, 220.3746060191103, 359.6946945412221, 246.91626599875067, 369.55754128458904, 226.2083031286018]}]}, "12": {"img_name": "0012", "gt": [{"cam_R_m2c": [0.012743, 0.99560899, 0.0927396, 0.96365303, 0.012524, -0.266864, -0.266853, 0.0927694, -0.95926201], "cam_t_m2c": [-53.82723126, 52.28509365, 1020.11809566], "obj_bb": [259, 252, 73, 43], "obj_id": 6, "kps": [293.62927653563645, 273.1697130045314, 259.9124520192778, 260.57728570648754, 258.7459966513991, 244.14072698694994, 327.27295847274974, 261.2163818361696, 333.875860130437, 245.05226558876944, 259.2721189567332, 295.7787994798706, 258.0076512786558, 283.2122086247462, 327.7618273822813, 296.0402540306615, 334.5449556589052, 283.65919563588125]}]}, "13": {"img_name": "0013", "gt": [{"cam_R_m2c": [0.0347986, 0.99718302, 0.0664444, 0.98576403, -0.0233051, -0.166511, -0.16449299, 0.0712928, -0.98379803], "cam_t_m2c": [-37.62548013, 47.71566668, 995.41688419], "obj_bb": [268, 250, 73, 41], "obj_id": 6, "kps": [302.263765593507, 270.6064144914486, 267.5232311673986, 256.1703474493891, 265.1744956015719, 245.9572721867936, 336.5360034568592, 254.44490969051085, 342.6245731269261, 244.11951156336917, 268.1927159692541, 292.64111582496434, 265.8994708086534, 286.8500365117182, 337.92265093602697, 290.5822172524097, 344.2539347528937, 284.59339853123896]}]}, "14": {"img_name": "0014", "gt": [{"cam_R_m2c": [0.0372114, 0.99622703, 0.0783974, 0.989582, -0.025817, -0.141638, -0.13908, 0.0828512, -0.98680902], "cam_t_m2c": [-45.25379816, 63.39854211, 993.77075419], "obj_bb": [263, 259, 74, 40], "obj_id": 6, "kps": [297.80024612663857, 279.40317516875734, 262.8078765814071, 263.9899403935469, 260.7036525229559, 256.5059141705363, 331.98496921460804, 261.9912165770807, 338.3822036455018, 254.34591725380582, 263.6192676881714, 300.69589224272954, 261.5954383394939, 297.73165324634726, 333.4008539448116, 298.31062785881943, 340.03700539625083, 295.08462866257025]}]}, "15": {"img_name": "0015", "gt": [{"cam_R_m2c": [0.0994177, 0.99063802, 0.0935593, 0.98742402, -0.0866041, -0.13225999, -0.122919, 0.105532, -0.98679], "cam_t_m2c": [-88.8715577, 58.88647839, 1035.67602742], "obj_bb": [242, 255, 69, 40], "obj_id": 6, "kps": [274.98923390854316, 275.4422397258332, 240.83466518835337, 262.60298591362783, 237.25031423096019, 255.90834227434934, 307.39238758490495, 256.6120907948579, 311.66038807928754, 249.30626333604442, 243.71432247444443, 297.8100054875449, 240.44463908921685, 295.2788219650306, 310.7367598488861, 291.3415139561614, 315.4360235679953, 288.08034165077436]}]}, "16": {"img_name": "0016", "gt": [{"cam_R_m2c": [0.14663, 0.98853999, 0.0358885, 0.96531999, -0.135074, -0.22341201, -0.216005, 0.0674027, -0.97406298], "cam_t_m2c": [-35.78546476, -18.53636895, 979.61428864], "obj_bb": [269, 209, 71, 50], "obj_id": 6, "kps": [303.2148776290505, 233.33679592049313, 266.9653365101223, 225.97462137956686, 262.3651977195932, 207.72169715177978, 336.33365832128396, 216.67435232172357, 340.27362303177347, 197.450262106519, 271.6280378098726, 261.9352604592715, 267.54045798171376, 247.90912417342872, 341.92873705794494, 252.20556135402322, 346.626921961378, 237.09998984042232]}]}, "17": {"img_name": "0017", "gt": [{"cam_R_m2c": [-0.13615, 0.990686, 0.00187505, 0.928195, 0.128223, -0.34930301, -0.34628999, -0.0458172, -0.93700802], "cam_t_m2c": [-3.74403675, -79.83717047, 1012.43069289], "obj_bb": [288, 177, 73, 50], "obj_id": 6, "kps": [322.02333612553264, 199.94079375028636, 292.188568553383, 189.77734368103665, 288.5732575869754, 159.64619497780745, 359.26611725154726, 198.21593003210126, 363.27052747847597, 168.8637345175982, 286.5312585877116, 222.3266029717109, 282.17123646652635, 195.23438255662862, 355.0556805566377, 231.131935937267, 358.66717733949343, 204.89949597296203]}]}, "18": {"img_name": "0018", "gt": [{"cam_R_m2c": [-0.135308, 0.99079102, 0.00507108, 0.93251902, 0.129076, -0.337264, -0.33481199, -0.0409056, -0.94139701], "cam_t_m2c": [-22.09417774, -67.79001473, 994.86681968], "obj_bb": [277, 183, 74, 50], "obj_id": 6, "kps": [311.5159966852936, 205.97660090431208, 281.63698222568206, 194.89860976027254, 276.9352042499198, 165.5985567171493, 349.79025965228055, 203.59087978491655, 353.01031426137257, 175.14314751425732, 275.7141976441086, 228.2949622616611, 270.1956493885843, 202.25533683826004, 345.3131254465912, 237.3436637189737, 348.0764632801736, 212.23797580190478]}]}, "19": {"img_name": "0019", "gt": [{"cam_R_m2c": [-0.32383701, 0.94561702, 0.030623, 0.90051103, 0.31799501, -0.296581, -0.29019001, -0.0684676, -0.95451701], "cam_t_m2c": [-95.83750168, -76.77057383, 968.78903659], "obj_bb": [233, 179, 75, 50], "obj_id": 6, "kps": [267.9784543368843, 199.2365777314103, 244.1977676691792, 181.42127574169655, 236.61329888602066, 152.5292937662963, 310.5703824545726, 203.50388414301457, 311.0189806932394, 177.03356947147142, 230.46742503749323, 214.21455324050072, 221.0239143506399, 188.7552818749923, 297.9982695731891, 237.00553012015777, 296.8880777352491, 214.1420860975409]}]}, "20": {"img_name": "0020", "gt": [{"cam_R_m2c": [-0.31172401, 0.95017099, 0.00160472, 0.87160897, 0.28662199, -0.39767399, -0.378319, -0.122566, -0.91752499], "cam_t_m2c": [-16.24939459, -87.57649649, 1013.58223864], "obj_bb": [281, 174, 74, 51], "obj_id": 6, "kps": [315.07423715562794, 195.83002325073357, 290.2545834035353, 183.15244897373188, 286.51579779206884, 149.3444906258191, 354.4802500989505, 201.8607023217614, 357.85676231981694, 169.59470703334787, 278.16694853836725, 213.2739431656468, 272.96461409923967, 181.96806414904358, 343.76717238642095, 232.88526523090223, 346.0055436149448, 203.3082692743115]}]}, "21": {"img_name": "0021", "gt": [{"cam_R_m2c": [-0.312888, 0.94909602, -0.0363098, 0.83285201, 0.255788, -0.49084699, -0.45657301, -0.18382099, -0.870489], "cam_t_m2c": [45.22538756, -130.08492623, 1041.04318748], "obj_bb": [315, 151, 73, 54], "obj_id": 6, "kps": [349.0315679485672, 174.55862568853502, 323.8665049876677, 167.48912140766055, 321.32574449927597, 127.47579045372572, 387.11816698581123, 182.98200376688786, 391.02694307993875, 143.61818961880607, 312.8024386025304, 194.799261649201, 309.0359750844069, 156.37572238545258, 377.6272512809506, 211.33872223849767, 380.65243385482574, 173.73520511478912]}]}, "22": {"img_name": "0022", "gt": [{"cam_R_m2c": [-0.29242599, 0.94922203, -0.116036, 0.78073698, 0.166912, -0.60215503, -0.55221099, -0.26668, -0.78990197], "cam_t_m2c": [101.7714265, -121.7052612, 1031.34146653], "obj_bb": [347, 153, 72, 57], "obj_id": 6, "kps": [380.9137039698836, 179.38755825917403, 354.9847187351833, 178.59832913536547, 350.0421335048741, 133.07641349985295, 420.1807712145075, 187.9193352115242, 421.1996571240262, 141.7033632422226, 345.5845672727333, 204.29870824617865, 339.56921337284683, 159.48852414321152, 412.7884321354596, 214.7899991164644, 413.12464370104334, 169.39858466226502]}]}, "23": {"img_name": "0023", "gt": [{"cam_R_m2c": [-0.28099701, 0.94032902, -0.191888, 0.73399299, 0.081754, -0.67421901, -0.61830002, -0.33029801, -0.71316803], "cam_t_m2c": [162.44331937, -147.65887491, 994.73566449], "obj_bb": [384, 133, 73, 61], "obj_id": 6, "kps": [418.14297785889227, 162.87018158490963, 390.61144984667186, 168.71910766002074, 383.1443366568367, 116.87715936486008, 459.5654803194851, 171.5114302163447, 457.83200230487665, 117.62054302015156, 382.82851679865746, 192.99440972112848, 374.35288972823497, 141.03234072930098, 454.32455295518275, 196.9317243823601, 452.0303687124728, 142.9272525345968]}]}, "24": {"img_name": "0024", "gt": [{"cam_R_m2c": [-0.29383099, 0.93582702, -0.194656, 0.72058499, 0.0830644, -0.68837303, -0.62802899, -0.342531, -0.69875002], "cam_t_m2c": [179.10245161, -144.29117758, 994.77252264], "obj_bb": [393, 135, 74, 61], "obj_id": 6, "kps": [427.6718567658419, 164.8865882828142, 399.9004411183655, 171.16633915537832, 392.9154112590785, 118.79728007901811, 469.1118845451034, 174.04750997538693, 467.7674196502104, 119.52399954392276, 392.0581642352622, 195.00605972039313, 384.09089422480747, 142.3778829349089, 463.85785434719907, 199.05902571435232, 461.9778429705558, 144.2700023150905]}]}, "25": {"img_name": "0025", "gt": [{"cam_R_m2c": [-0.35006899, 0.93445098, -0.0652166, 0.728571, 0.22785801, -0.64596099, -0.58875901, -0.273646, -0.76058], "cam_t_m2c": [83.95296782, -84.25114734, 1024.18989209], "obj_bb": [337, 175, 74, 57], "obj_id": 6, "kps": [371.09731565966865, 199.94094808535135, 345.8995511997463, 197.83143734347334, 343.40031749716024, 151.1433569905333, 410.3091699856786, 211.96274303376603, 413.58181982503544, 164.89961353472097, 334.0735097669065, 222.45032968412804, 330.3923132426963, 176.12790488255564, 400.545927453297, 237.9554985977078, 403.03001895702755, 191.38611993659248]}]}, "26": {"img_name": "0026", "gt": [{"cam_R_m2c": [-0.36535299, 0.93055397, -0.0242186, 0.762981, 0.28445399, -0.58047098, -0.53327, -0.230555, -0.81392097], "cam_t_m2c": [104.10257946, -78.76569915, 1000.17053739], "obj_bb": [347, 177, 78, 57], "obj_id": 6, "kps": [383.2561460072278, 201.5248163919618, 356.1881202159774, 195.12914124387586, 357.53674974512813, 150.871435148611, 421.732211319801, 213.62665892905017, 429.6800703242481, 169.8566678625086, 343.8329127757247, 221.59194431492736, 343.9879579293314, 178.3332878780394, 411.32564906549226, 241.5073512440461, 418.5006616137823, 198.9346916902937]}]}, "27": {"img_name": "0027", "gt": [{"cam_R_m2c": [-0.345272, 0.93817902, -0.0246303, 0.770594, 0.26842099, -0.578044, -0.535698, -0.21856201, -0.81563401], "cam_t_m2c": [111.96853429, -69.91137624, 993.06799633], "obj_bb": [351, 182, 80, 56], "obj_id": 6, "kps": [388.1470943576091, 206.29641531543876, 360.0007483094447, 199.86110288037966, 361.7121334772787, 155.86778754439345, 426.52049513601185, 217.53941813324488, 434.99615953972403, 174.03746499966167, 348.4316640216346, 226.96282346741307, 349.0307035463063, 184.05022899290339, 416.998008171207, 246.01926551775423, 424.8079177808219, 203.79492221642744]}]}, "28": {"img_name": "0028", "gt": [{"cam_R_m2c": [-0.313324, 0.94924903, -0.0274792, 0.74014503, 0.22597, -0.63334298, -0.59499002, -0.21878, -0.77338302], "cam_t_m2c": [86.44736157, -39.70467674, 1022.73855672], "obj_bb": [337, 200, 76, 56], "obj_id": 6, "kps": [372.25142035976666, 224.52151666490698, 344.9888073673456, 220.330915675151, 344.9339440492075, 176.18513609261254, 410.0661754978413, 235.1671148787226, 416.0217575120407, 191.13828699725056, 334.4145359464202, 246.29798969336613, 333.3685289282117, 202.7685699329489, 401.7151427485812, 262.40719691993127, 407.1183253794941, 219.14048823000385]}]}, "29": {"img_name": "0029", "gt": [{"cam_R_m2c": [0.0293156, 0.99865103, -0.0428622, 0.58618498, -0.051909, -0.80851299, -0.80964702, -0.00142309, -0.58691603], "cam_t_m2c": [23.05414614, 35.96793997, 915.2511759], "obj_bb": [302, 238, 76, 67], "obj_id": 6, "kps": [338.6694752080593, 271.22725716578293, 302.3272907699771, 281.45748850399747, 297.4123541699187, 224.46139087767838, 377.0192612058519, 277.57431063677444, 377.7752322236824, 220.2719322023326, 302.1974569469153, 308.1929266124748, 296.9596955903051, 249.733561243294, 381.2822553793017, 304.086631677259, 382.43057401577624, 245.28318623418255]}]}, "30": {"img_name": "0030", "gt": [{"cam_R_m2c": [0.0331586, 0.99833697, -0.047153, 0.597893, -0.05762, -0.79950202, -0.80089003, -0.00168212, -0.59881002], "cam_t_m2c": [40.3168774, 19.15134702, 945.16167215], "obj_bb": [313, 228, 74, 65], "obj_id": 6, "kps": [348.6509415377802, 260.1211151783193, 312.9093825273539, 270.37770409637704, 308.59851317160064, 215.01674578509864, 385.3328301079788, 266.1951369746244, 386.4589230304324, 210.5074399628118, 313.5480061448607, 296.0703727067043, 309.026057522589, 239.3915241287068, 390.0484674029155, 291.65814573953577, 391.6185946247653, 234.614088116065]}]}, "31": {"img_name": "0031", "gt": [{"cam_R_m2c": [0.0742335, 0.99439001, -0.0753487, 0.54268599, -0.103671, -0.83351302, -0.836649, 0.0209839, -0.54733801], "cam_t_m2c": [22.99960411, -6.71066088, 1057.89719089], "obj_bb": [305, 213, 65, 62], "obj_id": 6, "kps": [337.0935282447765, 244.5776781916253, 305.516152599626, 257.8031465713274, 299.4965296785095, 205.41029380315098, 370.46235454061144, 250.98565604723828, 368.41516700845835, 198.31040487827553, 307.15703614608094, 278.3011097332387, 300.90457385044755, 224.28278222992546, 375.5233566302676, 271.0725430290504, 373.6869568745133, 216.73387490284296]}]}, "32": {"img_name": "0032", "gt": [{"cam_R_m2c": [0.00368794, 0.998357, -0.0571853, 0.565727, -0.0492377, -0.82312202, -0.82458502, -0.0293156, -0.56497902], "cam_t_m2c": [-15.81371392, -31.01247162, 1053.85895434], "obj_bb": [283, 200, 67, 61], "obj_id": 6, "kps": [316.05625764444386, 231.32093308381354, 286.14951662828355, 242.82743246962022, 280.01699915465355, 190.0727649599957, 351.56328553402756, 239.5908945839016, 349.5571034177863, 186.44234993997594, 284.2464508611376, 263.35631270698747, 277.64641217861276, 209.041013684572, 353.07132711513884, 260.0232994916896, 351.0542698533588, 205.27981518075748]}]}, "33": {"img_name": "0033", "gt": [{"cam_R_m2c": [0.13141701, 0.985156, -0.110443, 0.48635799, -0.161153, -0.85877001, -0.86382002, 0.0591418, -0.50031698], "cam_t_m2c": [-23.75162131, -54.12366656, 1025.55233021], "obj_bb": [277, 183, 67, 69], "obj_id": 6, "kps": [311.8145970410436, 218.54776548546906, 280.45942456853635, 236.89745933970173, 270.6113005888599, 179.95475099757363, 346.9441921699783, 226.08649755708848, 340.96564067992466, 168.94407527568134, 282.8537267060579, 254.89277874992095, 272.5599576031055, 195.62651630130125, 353.05818102208883, 243.3422017191647, 347.0932466487617, 183.83762070675402]}]}, "34": {"img_name": "0034", "gt": [{"cam_R_m2c": [0.22170299, 0.967305, -0.123162, 0.43549001, -0.211229, -0.87506002, -0.87246603, 0.140368, -0.46808201], "cam_t_m2c": [-48.12738128, -19.27410376, 998.7383194], "obj_bb": [262, 201, 67, 72], "obj_id": 6, "kps": [297.68551237979443, 237.98068899136427, 265.0650309313429, 259.0424791938015, 253.37579286618558, 200.52828574092183, 332.47123507403927, 244.22895086490502, 324.6607531253709, 185.9464490792935, 270.110057405668, 276.9888855016638, 257.9856547979, 215.86571844113828, 341.3439625967983, 260.99479881673244, 333.56626822036225, 200.09846604246985]}]}, "35": {"img_name": "0035", "gt": [{"cam_R_m2c": [0.194722, 0.978598, -0.0665507, 0.43300501, -0.146643, -0.88938302, -0.880108, 0.144366, -0.452292], "cam_t_m2c": [-12.85020031, -55.46083853, 972.23376547], "obj_bb": [282, 178, 69, 73], "obj_id": 6, "kps": [317.1272589529465, 216.67636600308592, 281.49535545922134, 237.3331813845879, 274.4561719263865, 175.04411205606522, 351.1836334862094, 227.0697048252525, 348.0371527120794, 165.39268633705294, 286.5864446515237, 254.3779332348888, 279.3877354730451, 189.03682995267647, 360.37905430443305, 243.17490602311537, 357.55993051785225, 178.49169314512378]}]}, "36": {"img_name": "0036", "gt": [{"cam_R_m2c": [0.16580801, 0.980461, -0.105846, 0.37933901, -0.162485, -0.91087902, -0.91027999, 0.110879, -0.39886901], "cam_t_m2c": [-6.4912606, -90.02463275, 1037.71572217], "obj_bb": [288, 161, 65, 71], "obj_id": 6, "kps": [321.4051660940239, 199.40687111011334, 289.1608503589709, 221.49213818578994, 280.6732670354126, 161.4287154527382, 354.82112102942233, 210.93067752799084, 349.372218453664, 151.20494461676063, 293.22307299662145, 234.5114249184875, 284.4002687480171, 171.3213731195671, 362.6875493434864, 223.15159669902962, 357.27514577681393, 160.32693035726686]}]}, "37": {"img_name": "0037", "gt": [{"cam_R_m2c": [0.16512001, 0.97930998, -0.11699, 0.33469, -0.167217, -0.92737299, -0.92774898, 0.113972, -0.35537699], "cam_t_m2c": [-26.99436527, -100.74518447, 1057.60030895], "obj_bb": [277, 156, 64, 70], "obj_id": 6, "kps": [310.50386106744696, 194.50899974949357, 279.48391924466415, 217.68376304958153, 270.2655585158177, 157.81449086760082, 344.1427983644516, 207.04028557807453, 337.55961473075564, 147.56783720629858, 282.8371075681217, 228.59523400276294, 273.18490988471484, 165.4540750768462, 351.26118898777986, 217.17385620563167, 344.5672962688012, 154.46880791315965]}]}, "38": {"img_name": "0038", "gt": [{"cam_R_m2c": [0.0468254, 0.99570298, -0.0798962, 0.43776, -0.0923492, -0.894337, -0.89787197, 0.00690229, -0.44020301], "cam_t_m2c": [-12.26012819, -103.34682362, 1021.49435121], "obj_bb": [284, 153, 68, 70], "obj_id": 6, "kps": [317.90761147311963, 191.13148372684682, 286.63272031091543, 210.30907256357068, 279.44547877961645, 149.94317030326087, 354.15350687394516, 204.06286768086898, 350.37456070009625, 143.43406595341034, 286.1134157165804, 224.9780643540348, 278.4502888825115, 161.63472263287812, 357.6265062214715, 218.3498834854929, 353.79808027317034, 154.70953786531513]}]}, "39": {"img_name": "0039", "gt": [{"cam_R_m2c": [0.0154488, 0.99737602, -0.0707213, 0.44693801, -0.0701587, -0.89180899, -0.89443099, -0.0178307, -0.44685], "cam_t_m2c": [-13.84935162, -105.25286536, 1031.09421132], "obj_bb": [284, 153, 68, 68], "obj_id": 6, "kps": [317.0261839478349, 190.51320337764525, 286.41677490566707, 208.65211633647937, 279.8589746790964, 148.96464354900644, 353.42162633118227, 203.85352036634382, 350.25157800711344, 143.79098777058434, 284.729269491901, 223.4080067268769, 277.67801606608066, 160.848685364137, 355.6437599622313, 218.36187430877877, 352.39836167228697, 155.38435297631995]}]}, "40": {"img_name": "0040", "gt": [{"cam_R_m2c": [0.085494, 0.98999202, -0.112283, 0.359828, -0.13576899, -0.92308801, -0.929093, 0.0385158, -0.367834], "cam_t_m2c": [-12.60234012, -78.88086089, 1045.42473363], "obj_bb": [285, 168, 65, 69], "obj_id": 6, "kps": [318.12707583812255, 205.85291675625325, 287.62071440782125, 227.35958471210594, 278.90293334605826, 167.67018269971467, 353.5043167695302, 218.39462679964376, 347.51899100376363, 158.6164225089339, 288.52632423380516, 239.85723639554817, 279.29994127944764, 176.96025471161516, 358.35598078314075, 230.29557729075307, 352.2068330565248, 167.2941767509495]}]}, "41": {"img_name": "0041", "gt": [{"cam_R_m2c": [0.132139, 0.98185003, -0.136048, 0.29935199, -0.170371, -0.93880898, -0.94494897, 0.0833273, -0.31643099], "cam_t_m2c": [-15.97520015, -63.20285172, 1033.88546709], "obj_bb": [282, 175, 65, 71], "obj_id": 6, "kps": [316.3710107372078, 214.2352861391707, 285.42890144279045, 238.2073526353065, 275.2263664595662, 177.35170550530435, 351.6608260546095, 226.79660477396044, 343.9007413371889, 166.1529891976668, 287.9363640930349, 249.29799478455874, 277.16873268252806, 184.92482254281816, 358.2294379041405, 237.06814624716694, 350.2193461175135, 172.9276259722837]}]}, "42": {"img_name": "0042", "gt": [{"cam_R_m2c": [0.165298, 0.97807699, -0.12665901, 0.31154901, -0.17363399, -0.93423098, -0.93574202, 0.114966, -0.33342099], "cam_t_m2c": [-33.12395637, -85.71400018, 1024.21638629], "obj_bb": [272, 162, 66, 72], "obj_id": 6, "kps": [306.68095311971706, 201.39184518747413, 275.06378941672295, 225.8239573163879, 264.874151148177, 164.02046945255415, 341.75604998569287, 214.30135716624778, 334.21309842812104, 152.93456668691655, 278.2404019320669, 236.72537732674962, 267.5180896065828, 171.3518723474492, 348.9877526959382, 224.3374128401025, 341.25128347212126, 159.44738960014564]}]}, "43": {"img_name": "0043", "gt": [{"cam_R_m2c": [-0.34039399, 0.90201598, -0.265517, 0.47670099, -0.0778522, -0.87561101, -0.81048602, -0.42462501, -0.403492], "cam_t_m2c": [228.31047796, -13.8128404, 988.66555907], "obj_bb": [421, 205, 74, 68], "obj_id": 6, "kps": [457.5838569757356, 240.94453370919828, 431.3833946531766, 256.3565819787615, 418.8030224603974, 199.14484425916837, 502.1558670190027, 251.49311226083472, 492.3446382917646, 190.82950103710718, 424.1789477572145, 275.223667922561, 410.5366188240184, 215.71837704666186, 498.5556964235614, 271.1517398901941, 487.9720177831763, 207.89342336490668]}]}, "44": {"img_name": "0044", "gt": [{"cam_R_m2c": [-0.341524, 0.89874399, -0.274993, 0.52774602, -0.0587297, -0.84736902, -0.77771801, -0.43452299, -0.45425099], "cam_t_m2c": [225.14265107, -117.94763033, 969.62898538], "obj_bb": [422, 142, 74, 71], "obj_id": 6, "kps": [458.2890163493389, 179.51281538770064, 431.76410630117925, 197.1956906044547, 418.915913018727, 137.52102135718263, 503.71774734206866, 190.37214094417018, 494.1911136133232, 126.79470499662877, 424.19919185779105, 215.17860152892104, 410.21487055791175, 153.227367683473, 499.6862882325164, 209.03589819254503, 489.3593723922203, 142.8520091559205]}]}, "45": {"img_name": "0045", "gt": [{"cam_R_m2c": [-0.32637799, 0.90990001, -0.25604501, 0.51741701, -0.0547142, -0.85398197, -0.79104799, -0.411203, -0.452941], "cam_t_m2c": [189.5500222, -126.25361378, 1007.62931107], "obj_bb": [398, 140, 71, 69], "obj_id": 6, "kps": [433.07468181545823, 177.1983692850718, 408.17882634084026, 194.58705842112676, 395.79363102740115, 136.49174683896732, 476.64503358117486, 188.3072803046291, 467.30934055688056, 126.76435938889374, 400.32195457711623, 211.38760686599946, 386.84117126262174, 151.06367895944163, 472.06580129277563, 205.6670449131121, 461.9345620163684, 141.6046836029679]}]}, "46": {"img_name": "0046", "gt": [{"cam_R_m2c": [-0.36521, 0.89172798, -0.267288, 0.484759, -0.0629529, -0.872379, -0.79475099, -0.448172, -0.409282], "cam_t_m2c": [141.72379533, -139.41280372, 1001.08492911], "obj_bb": [372, 131, 70, 71], "obj_id": 6, "kps": [406.75047277697485, 169.39526051027815, 385.00077526376856, 188.7433199524461, 370.3740440445193, 129.3267437492692, 452.0150455133183, 181.25884946320522, 439.8341712232367, 117.98768257632545, 374.45931670938666, 204.11970997971684, 358.5193026185446, 142.22601533020577, 444.5316373547345, 197.13112351791725, 431.2567704722022, 131.0322926481091]}]}, "47": {"img_name": "0047", "gt": [{"cam_R_m2c": [-0.36346501, 0.90250498, -0.23103601, 0.51936901, -0.00958116, -0.85449702, -0.77340102, -0.430572, -0.465251], "cam_t_m2c": [137.06591003, -122.36400139, 1007.45671601], "obj_bb": [369, 143, 71, 67], "obj_id": 6, "kps": [403.268966226971, 179.3526891428097, 380.6087971572284, 195.1526962094436, 368.5057559456079, 136.9732255310688, 447.368706203248, 191.97949756299326, 438.31408653905584, 130.355538008435, 369.92391577361616, 212.06953777921234, 356.58714620141103, 151.76032187476636, 439.6110203235809, 209.67606393246948, 429.5925962119769, 145.64941857707404]}]}, "48": {"img_name": "0048", "gt": [{"cam_R_m2c": [-0.325477, 0.92118102, -0.213286, 0.56873399, 0.0105211, -0.82245398, -0.75538498, -0.38899201, -0.52733099], "cam_t_m2c": [193.03633977, -122.51918638, 1004.3993901], "obj_bb": [400, 144, 73, 65], "obj_id": 6, "kps": [434.95533868153325, 178.86376365843742, 408.4100532230399, 192.40925575923208, 399.43177348019475, 135.2725771645462, 477.3660832871075, 190.7735896581834, 472.31553410501056, 130.62017604648264, 400.41336562344975, 211.10390946222012, 390.458901777804, 152.18472941505365, 472.50921010254274, 210.32627272141306, 466.85595041275013, 148.1866780398309]}]}, "49": {"img_name": "0049", "gt": [{"cam_R_m2c": [-0.0578274, 0.98071599, -0.18668699, 0.41948301, -0.14582101, -0.89597398, -0.90591902, -0.130124, -0.402962], "cam_t_m2c": [14.40907659, -154.57059507, 1037.00875126], "obj_bb": [299, 125, 67, 71], "obj_id": 6, "kps": [333.44232440730497, 163.7624681191308, 306.8935078381173, 186.37843416948607, 294.1359434318794, 126.4960095278448, 372.7872432000484, 175.6650479031755, 362.83721989684506, 114.33234757014466, 303.68430971975977, 198.64795134117082, 289.99225282413744, 135.68418635993433, 373.4398834698207, 187.49758978558685, 362.90183616241296, 122.91949801426652]}]}, "50": {"img_name": "0050", "gt": [{"cam_R_m2c": [-0.27078199, 0.948816, -0.162559, 0.39410001, -0.0448034, -0.91797501, -0.878272, -0.31263599, -0.36179599], "cam_t_m2c": [8.4558951, -32.40295458, 1043.95607238], "obj_bb": [297, 195, 67, 66], "obj_id": 6, "kps": [329.9749567829485, 231.0998203337707, 308.06960601533757, 247.79347008538366, 297.19364897882275, 190.3358695315663, 371.93346911035815, 244.95478055900784, 363.2663586357057, 185.1590863217858, 297.27293331149855, 262.46150316669247, 285.3124304643238, 202.28166093414154, 364.4127558382832, 260.03452458227656, 354.8932255913617, 197.2815870426993]}]}, "51": {"img_name": "0051", "gt": [{"cam_R_m2c": [-0.29678699, 0.94587201, -0.13131499, 0.44940999, 0.0170145, -0.89316398, -0.84258401, -0.32409301, -0.430134], "cam_t_m2c": [28.74516386, -29.37820716, 1053.20062165], "obj_bb": [309, 199, 67, 63], "obj_id": 6, "kps": [340.6682783879233, 232.603783607402, 318.1724636297545, 245.5759228362099, 309.64121863433803, 189.8636490023494, 381.53360385550576, 246.85718484195374, 375.75298569154927, 188.98186930589858, 307.16848725361166, 261.89131855249616, 297.6203417987367, 203.9040866725754, 373.56234311431996, 263.89836357404135, 367.0369942875989, 203.5646776479148]}]}, "52": {"img_name": "0052", "gt": [{"cam_R_m2c": [-0.31616601, 0.93709701, -0.147948, 0.36092401, -0.0254109, -0.93224901, -0.87736702, -0.34814301, -0.33018601], "cam_t_m2c": [42.79088308, -57.99460055, 1012.14599196], "obj_bb": [316, 178, 70, 68], "obj_id": 6, "kps": [349.3467966251429, 216.40135478231383, 326.46105873510976, 234.78558697505204, 316.98114494659956, 174.37878377040474, 392.42352381941845, 232.68396503408704, 385.0807064463487, 169.51132467713447, 314.6909087320954, 247.91108091978046, 304.18232849857833, 184.41729360282707, 384.0772415612255, 246.27854113234497, 375.93178570017506, 179.7197177957476]}]}, "53": {"img_name": "0053", "gt": [{"cam_R_m2c": [-0.281452, 0.94526798, -0.165084, 0.38282999, -0.0471413, -0.92261499, -0.87990099, -0.322871, -0.348609], "cam_t_m2c": [-16.02851071, -82.09613328, 1068.12719483], "obj_bb": [285, 168, 65, 66], "obj_id": 6, "kps": [316.8306981121217, 204.82056828448697, 296.4934292539916, 223.04341504602147, 285.30944350413483, 165.7124931542834, 358.3393119778646, 219.18524792968586, 349.1159759748791, 159.4686619697938, 284.9237362784349, 235.6332907732012, 272.6488750605635, 175.54443351372853, 349.8218918833389, 232.0556472778437, 339.7037884679223, 169.3377032848875]}]}, "54": {"img_name": "0054", "gt": [{"cam_R_m2c": [-0.340754, 0.92944598, -0.141477, 0.28814599, -0.0399933, -0.95675099, -0.894907, -0.36678299, -0.254188], "cam_t_m2c": [-50.05305987, 0.63306082, 1063.85584811], "obj_bb": [267, 213, 65, 65], "obj_id": 6, "kps": [298.3893782385989, 249.2945383983954, 279.9397702505628, 267.2372051262113, 270.08317621153896, 209.44635799426618, 340.54848607153133, 265.6261113792886, 331.9691140304506, 205.226561543186, 265.214640212508, 278.9751386641306, 254.3692060904546, 218.19568738815497, 328.69568689967224, 277.8057102066641, 319.2440532641804, 214.1331262217268]}]}, "55": {"img_name": "0055", "gt": [{"cam_R_m2c": [-0.38214499, 0.91660899, -0.117449, 0.30911401, 0.00701806, -0.95099902, -0.87086999, -0.39972401, -0.28601801], "cam_t_m2c": [-67.05929471, -1.21697523, 1065.66441836], "obj_bb": [258, 212, 65, 65], "obj_id": 6, "kps": [289.18806941061285, 248.19815770848047, 271.9776807183726, 264.15589539045834, 263.20009540619486, 206.77245443899082, 331.1304968254801, 265.6673303266086, 323.815479286606, 205.55067335014988, 255.50769253450179, 276.36493401921837, 245.71064110862082, 216.1699651964524, 317.2016814367768, 278.5682371577853, 308.98660360889016, 215.358715434275]}]}, "56": {"img_name": "0056", "gt": [{"cam_R_m2c": [-0.35269099, 0.93102002, -0.0938678, 0.43742201, 0.0753591, -0.89609301, -0.82720602, -0.357104, -0.43382701], "cam_t_m2c": [-42.87405915, -10.4044148, 1070.55690577], "obj_bb": [271, 210, 66, 63], "obj_id": 6, "kps": [302.0928288123796, 242.81984498385296, 282.8453407388777, 253.43317886968993, 275.1121215657611, 198.8601246673327, 342.87084185313466, 258.9153399566883, 337.71492617667144, 202.23944342191743, 268.29170861301986, 269.42015030630296, 259.4334063993241, 212.72197941427285, 330.86518433600804, 275.8898905354439, 324.8068126485891, 216.92488729916403]}]}, "57": {"img_name": "0057", "gt": [{"cam_R_m2c": [-0.42423999, 0.89485103, -0.13879199, 0.48232099, 0.0935737, -0.87098199, -0.76641202, -0.43644699, -0.47130299], "cam_t_m2c": [104.29744603, 37.6974747, 1028.9926805], "obj_bb": [350, 238, 70, 63], "obj_id": 6, "kps": [382.8579592901961, 269.28327922925496, 361.12386865578236, 276.51729832286145, 354.1596323147906, 222.69931255266107, 425.01615931680806, 284.8343019907321, 421.2036162324678, 228.47660946735166, 347.49483873116134, 295.6970580263759, 339.42232861000247, 240.18276081785675, 413.90139651138225, 305.50493252684686, 409.23307589907125, 247.30068758773797]}]}, "58": {"img_name": "0058", "gt": [{"cam_R_m2c": [-0.52506602, 0.84212601, -0.123001, 0.52749002, 0.208602, -0.82355303, -0.66787702, -0.49730101, -0.553743], "cam_t_m2c": [66.11747552, -2.5656395, 1049.43813158], "obj_bb": [330, 217, 67, 61], "obj_id": 6, "kps": [360.94479339671074, 246.42802803147674, 344.000402768103, 249.52826486035173, 337.4170575374849, 198.17961771240923, 402.46950349200114, 264.20824860686145, 399.2457791212056, 210.5724852701623, 326.31384486421905, 268.4127860426419, 318.3225120800249, 216.02169046896435, 386.2366447792905, 284.8981391608962, 381.7664832460433, 230.16684976978541]}]}, "59": {"img_name": "0059", "gt": [{"cam_R_m2c": [-0.52271098, 0.85242999, 0.0116876, 0.548576, 0.34681901, -0.76077598, -0.65256202, -0.39125499, -0.64890897], "cam_t_m2c": [-8.60788442, 114.64143502, 1011.25504449], "obj_bb": [285, 285, 74, 61], "obj_id": 6, "kps": [319.3143486227377, 311.84015128756977, 301.1470024382999, 304.2134016393309, 300.1154655997719, 258.6093961175146, 359.5198081579781, 331.4472762646823, 363.02166876615894, 285.63544395619266, 281.0946591750682, 326.82982829858884, 278.45137322506326, 280.9488365583182, 341.0147562715525, 356.37814165504057, 343.1593020306214, 310.4550160713958]}]}, "60": {"img_name": "0060", "gt": [{"cam_R_m2c": [-0.51153803, 0.85911798, -0.0156661, 0.58196801, 0.33298799, -0.74191099, -0.632173, -0.38863301, -0.67031503], "cam_t_m2c": [-18.96232854, 58.03829236, 1017.24694671], "obj_bb": [281, 254, 71, 59], "obj_id": 6, "kps": [313.77479310957693, 279.67460817021913, 296.3295021232539, 273.70850288559046, 293.0759845819516, 227.32570737411834, 354.5738056007982, 298.3499470790654, 355.86153954155935, 251.59701956178782, 276.6668260103654, 296.07085997249834, 271.6956052775493, 249.47998433796252, 336.38748425961506, 322.84275140403537, 336.1972554123514, 276.0338369947502]}]}, "61": {"img_name": "0061", "gt": [{"cam_R_m2c": [-0.27242401, 0.92003, -0.281656, 0.76177901, 0.0274155, -0.64725697, -0.58777398, -0.39088801, -0.70832801], "cam_t_m2c": [-30.1968598, 70.6829797, 1005.06813406], "obj_bb": [274, 261, 67, 56], "obj_id": 6, "kps": [309.26208585811315, 286.91238598461837, 292.0898936414542, 284.8429146003227, 270.56790422607315, 245.11988406832498, 355.0437968072258, 288.82018500336017, 337.8672597208154, 247.37427858747407, 280.914053059713, 314.27939214390057, 257.55717472667374, 275.46939381659666, 345.7860750756254, 319.8786179927148, 327.0349747909108, 279.4683293014457]}]}, "62": {"img_name": "0062", "gt": [{"cam_R_m2c": [-0.23463701, 0.92540997, -0.29759401, 0.78899801, 0.00247371, -0.61439103, -0.56782699, -0.37896001, -0.73072702], "cam_t_m2c": [-32.41159536, 41.72935223, 1006.55512275], "obj_bb": [272, 244, 68, 55], "obj_id": 6, "kps": [308.1611562300864, 270.2891342577778, 290.6185979635092, 268.93438024270995, 267.7933431032647, 230.11652197434375, 353.75455256766213, 270.3529990264553, 335.43107173723007, 229.70331074248406, 280.8347730091609, 298.65900037804016, 256.24625842828726, 260.94992416956353, 345.8878572018712, 301.5600324554761, 326.0733307111224, 262.13989669027154]}]}, "63": {"img_name": "0063", "gt": [{"cam_R_m2c": [-0.107848, 0.94512397, -0.30839899, 0.87347502, -0.0580618, -0.483394, -0.47477299, -0.32151201, -0.81928003], "cam_t_m2c": [-71.0087593, -2.74274034, 989.06188809], "obj_bb": [248, 217, 68, 55], "obj_id": 6, "kps": [285.87400268681836, 244.34041322955218, 266.82682246462747, 242.09458077278117, 239.85873052806656, 208.7790352236443, 331.3762134281252, 237.9799486511461, 309.8601429195973, 202.78145649923616, 261.07144444228373, 274.32167559444866, 232.61023787324862, 243.1649399607139, 327.4369258325