{"class": 8, "diam": 261.47178102, "obj_name": "driller", "img_path": "../../dataset/Linemod_preprocessed/data/08/rgb", "depth_path": "../../dataset/Linemod_preprocessed/data/08/depth", "mask_path": "../../dataset/Linemod_preprocessed/data/08/mask", "trainlist": "../../dataset/Linemod_preprocessed/data/08/train.txt", "testlist": "../../dataset/Linemod_preprocessed/data/08/test.txt", "gt_num": 1188, "0": {"img_name": "0000", "gt": [{"cam_R_m2c": [0.98548597, -0.00825023, -0.16955499, -0.130482, -0.675735, -0.72550398, -0.108589, 0.73709798, -0.66700399], "cam_t_m2c": [27.8543177, -110.12161613, 1023.44225463], "obj_bb": [272, 121, 129, 117], "obj_id": 8, "kps": [333.4778767856436, 176.58525469797092, 289.52142205635175, 245.13766666963025, 262.73366808220686, 153.3881713773547, 290.96153933100953, 219.17038720553742, 265.8733896113848, 128.93078152237285, 411.662109027782, 228.89390755423634, 402.68796876697894, 132.17625675025025, 407.00316509925227, 203.15815444706092, 397.87724106116315, 108.30743174898083]}]}, "1": {"img_name": "0001", "gt": [{"cam_R_m2c": [0.983392, 0.0532184, -0.173518, -0.0851491, -0.70902002, -0.70002902, -0.160283, 0.70317698, -0.69271302], "cam_t_m2c": [40.71799858, -152.05616554, 973.69279588], "obj_bb": [276, 91, 138, 122], "obj_id": 8, "kps": [341.4769478501568, 148.24942924199158, 294.32512755223104, 218.42978305685799, 266.2145543715917, 121.15081057260782, 297.9383818678456, 191.4381640563607, 271.9538298962509, 95.50453034981946, 422.25675479899155, 206.36343935131538, 414.45513603036164, 102.87872033878159, 419.5539198773191, 179.03741448809535, 411.77932931783823, 77.26145416443474]}]}, "2": {"img_name": "0002", "gt": [{"cam_R_m2c": [0.96587199, 0.0570579, -0.25265601, -0.14080399, -0.70305997, -0.697052, -0.21740399, 0.70883799, -0.67103201], "cam_t_m2c": [87.86976237, -101.47828777, 981.80442009], "obj_bb": [304, 121, 134, 121], "obj_id": 8, "kps": [368.5784724583396, 179.21146497577996, 325.8995495795219, 249.53523435179116, 292.9481223778408, 159.31887658553123, 328.10277404243095, 221.58719396757596, 297.2996287951214, 132.33111347348648, 452.81596941011065, 231.37417677858, 438.54422941061574, 132.97990450873172, 448.67805759138446, 203.02482713422467, 434.6097952146418, 106.06071435949029]}]}, "3": {"img_name": "0003", "gt": [{"cam_R_m2c": [0.98269802, -0.00608886, -0.18511599, -0.120233, -0.78122097, -0.61256599, -0.14088599, 0.62422502, -0.76843601], "cam_t_m2c": [25.00978336, -98.76331861, 995.68064814], "obj_bb": [268, 130, 134, 110], "obj_id": 8, "kps": [331.98819148073835, 181.96108178405802, 288.6826699662963, 246.46235010880446, 257.98272285965623, 166.78570058163763, 289.9918989823825, 215.95490883587226, 261.024658189858, 135.1034222555547, 412.1522054477564, 231.3230593706506, 402.8466400334426, 145.94377287655104, 408.12946829426994, 200.56346881888172, 398.6022891788142, 114.21556531909472]}]}, "4": {"img_name": "0004", "gt": [{"cam_R_m2c": [0.99570602, 0.026251, -0.0887663, -0.0227739, -0.859999, -0.50978702, -0.0897213, 0.50962001, -0.85570902], "cam_t_m2c": [16.4330179, -98.16063737, 979.61150977], "obj_bb": [263, 139, 141, 95], "obj_id": 8, "kps": [327.5683491843886, 181.2420898429533, 276.8766572043078, 236.59480921366466, 255.12199152603728, 166.51237868012578, 279.60402736742697, 202.88481946947897, 259.28627495174646, 129.21107257140676, 401.7894281557031, 233.6019611427098, 405.33429857988074, 161.2252175877098, 400.110282405134, 199.35469240026194, 403.1713442202559, 123.29622339718962]}]}, "5": {"img_name": "0005", "gt": [{"cam_R_m2c": [0.99465698, 0.0383169, -0.0958577, -0.0144221, -0.86787999, -0.496564, -0.10222, 0.495294, -0.86269099], "cam_t_m2c": [15.36593596, -93.24621517, 969.69246214], "obj_bb": [262, 141, 142, 95], "obj_id": 8, "kps": [326.91465164591403, 183.58138911968072, 276.1833909621897, 238.12605474599985, 253.022541059752, 169.46028000539727, 279.38559766479955, 203.78838702584977, 257.80689677914467, 131.17393559812155, 402.03599858190984, 236.19186875025113, 404.81807483627597, 165.22162468014236, 400.8970277259734, 201.16667640479724, 403.33141830419186, 126.1013496476953]}]}, "6": {"img_name": "0006", "gt": [{"cam_R_m2c": [0.98632598, 0.159486, 0.0415327, 0.16099399, -0.87852901, -0.44974199, -0.0352401, 0.450279, -0.89219201], "cam_t_m2c": [-1.25273862, -63.30358672, 964.00995384], "obj_bb": [255, 162, 145, 90], "obj_id": 8, "kps": [317.8704333335654, 200.24346723031184, 256.8472889473635, 241.03235437365225, 247.81626475522086, 178.2963727910681, 265.39668154232055, 205.7807618125549, 258.48778332113955, 138.10231818097316, 381.39815612612824, 261.48287689965, 399.46806177528293, 202.61408468133857, 386.05550861092235, 225.31513786826704, 404.40842330291974, 161.11775362019347]}]}, "7": {"img_name": "0007", "gt": [{"cam_R_m2c": [0.959548, 0.26096401, 0.105666, 0.27895299, -0.830414, -0.48228499, -0.0381125, 0.49225101, -0.869618], "cam_t_m2c": [-116.27953986, 33.72718788, 949.06271108], "obj_bb": [183, 216, 144, 94], "obj_id": 8, "kps": [248.2793783210085, 257.74015499081156, 187.2454391003117, 288.6008580452991, 172.5800827001082, 230.43303272307023, 202.68258188955542, 253.13899284704922, 191.80267253517135, 190.14632332028935, 310.04645732841163, 325.1193879614054, 321.80801891033855, 274.2472674104636, 321.2820944986192, 288.0756386779517, 334.8714877303089, 231.6919671156401]}]}, "8": {"img_name": "0008", "gt": [{"cam_R_m2c": [0.97308803, -0.205181, -0.104885, -0.23042201, -0.87112999, -0.43363401, -0.00239546, 0.446132, -0.89496398], "cam_t_m2c": [51.7845108, 127.80481631, 991.69555958], "obj_bb": [285, 276, 138, 80], "obj_id": 8, "kps": [348.27302907988036, 315.79692577624746, 303.17573585193384, 366.73496373298616, 284.35704666257266, 334.39769276683865, 295.8062200643016, 328.70204076810757, 276.18135523775186, 289.82222978051936, 422.88350234942993, 338.3929110553353, 429.33260298258136, 300.05028568447176, 411.85057480007896, 301.2074847612298, 415.8182261785106, 256.7117189906904]}]}, "9": {"img_name": "0009", "gt": [{"cam_R_m2c": [0.96573102, -0.24242499, -0.0927039, -0.259536, -0.90500998, -0.33704299, -0.00219043, 0.34955299, -0.93691403], "cam_t_m2c": [41.37391929, 149.77125405, 955.18634884], "obj_bb": [278, 295, 143, 72], "obj_id": 8, "kps": [343.0082944866905, 332.8592124747948, 297.37916370873853, 379.28054911329946, 277.88215607110874, 363.3398404574545, 288.2452592060231, 339.1362552827611, 267.29545458263334, 314.69820602226974, 419.4357231232838, 346.4747094185, 428.0998632558307, 322.9523579930455, 407.2756361324782, 307.12368494160114, 412.95554366487585, 275.50635897597436]}]}, "10": {"img_name": "0010", "gt": [{"cam_R_m2c": [0.99437499, -0.0325342, -0.1008, -0.0536915, -0.975155, -0.214918, -0.0913031, 0.21912099, -0.971416], "cam_t_m2c": [97.39968073, 131.10581872, 971.81237787], "obj_bb": [312, 295, 146, 49], "obj_id": 8, "kps": [375.7020942596859, 319.4792456231382, 322.60846968446253, 346.8429065399935, 308.2469273939151, 341.7268831538712, 321.3610798604977, 306.58431591058263, 306.98319061770997, 292.4186659249438, 446.4683733655062, 342.2216182792726, 461.1263695002004, 335.88387756804315, 443.2833903869284, 301.24656499990164, 456.92138346650114, 285.4974927801665]}]}, "11": {"img_name": "0011", "gt": [{"cam_R_m2c": [0.99192399, -0.0508864, -0.116181, -0.0796002, -0.962897, -0.257864, -0.0987485, 0.26503, -0.95916998], "cam_t_m2c": [113.20780511, 110.20870887, 954.03522975], "obj_bb": [321, 281, 149, 57], "obj_id": 8, "kps": [386.1416359434492, 308.1302334092458, 332.5305046906705, 341.25492895244236, 318.05835506354373, 328.4317349322303, 330.350535069871, 300.6396214422781, 315.7122735503003, 278.85510714948043, 458.88771377335627, 333.2846502897237, 474.2871184114706, 318.2035477103137, 454.2593685701591, 291.9463357146828, 468.21505741904014, 267.54967148522746]}]}, "12": {"img_name": "0012", "gt": [{"cam_R_m2c": [0.98437399, -0.131834, -0.11674, -0.17348, -0.83981001, -0.51441598, -0.0302221, 0.52662998, -0.84955698], "cam_t_m2c": [99.63060028, 141.54528462, 950.42758827], "obj_bb": [313, 285, 146, 87], "obj_id": 8, "kps": [378.1770687455219, 326.39882413316724, 327.38945136312003, 380.41843429300354, 311.3982037339145, 336.7599411605349, 321.9476020136688, 341.01301247944957, 305.5881120610019, 291.44983464804204, 454.73979701086176, 358.87715097370864, 465.44731285924354, 310.31920158827876, 444.4653052721662, 320.02412650796003, 452.62161717366007, 265.8476632788739]}]}, "13": {"img_name": "0013", "gt": [{"cam_R_m2c": [0.97998601, -0.117722, -0.16052701, -0.189822, -0.79551297, -0.57543701, -0.05996, 0.59439099, -0.80193698], "cam_t_m2c": [114.20579865, 150.80436591, 942.11774105], "obj_bb": [321, 287, 146, 95], "obj_id": 8, "kps": [387.2724756292987, 332.4602499746512, 338.2407485831168, 391.09623012774074, 318.14063835288016, 339.16090552504727, 332.867432287904, 352.1112718387605, 312.77338940850154, 295.4766731404753, 467.6354226575592, 368.07529651334346, 473.2248384780262, 310.64858063659597, 456.6154966511915, 329.5670584110561, 459.8155793179947, 267.7398347956172]}]}, "14": {"img_name": "0014", "gt": [{"cam_R_m2c": [0.91908097, 0.36045501, -0.159253, 0.188224, -0.75659502, -0.62620801, -0.34621, 0.54556, -0.763219], "cam_t_m2c": [79.77593111, 137.24169817, 946.13708672], "obj_bb": [302, 281, 139, 96], "obj_id": 8, "kps": [366.12095255511326, 320.4357166768625, 312.8133353764599, 356.9785021581101, 289.17947125156167, 293.24225380617577, 327.62645745057716, 322.4574704463394, 307.5788343962329, 255.64059484724888, 436.86678350791067, 392.1058154523508, 435.32475297597705, 329.0055045832315, 447.77386948211597, 353.42239763154726, 448.3495243403459, 286.142254667727]}]}, "15": {"img_name": "0015", "gt": [{"cam_R_m2c": [0.85679102, 0.498059, -0.133588, 0.32913199, -0.72762299, -0.60185999, -0.39696401, 0.47170001, -0.78734899], "cam_t_m2c": [49.68049668, 87.81832994, 958.02426359], "obj_bb": [288, 244, 129, 103], "obj_id": 8, "kps": [348.09425872254644, 288.87739766234563, 296.56306031342575, 317.3171622164849, 273.76678931113645, 251.5151767737679, 316.9918049318575, 286.33886342271836, 298.62046737965017, 217.63020373094756, 409.13065346245105, 368.6984302467291, 406.46082100579423, 305.87453805119014, 427.4387302825719, 333.12492613297076, 428.41504426274025, 266.07025875697184]}]}, "16": {"img_name": "0016", "gt": [{"cam_R_m2c": [0.85260302, 0.51308399, -0.099063, 0.35911, -0.71301103, -0.60220897, -0.37961701, 0.477871, -0.79216802], "cam_t_m2c": [16.58114178, 92.34942068, 991.24635505], "obj_bb": [271, 245, 122, 102], "obj_id": 8, "kps": [328.3725910546729, 289.738039983655, 278.2333046350681, 315.4608665771342, 257.3172753773931, 251.51545569979322, 299.252689927944, 285.9401364989942, 282.68285985310035, 219.3588577741916, 384.8459954905168, 368.48371370658595, 382.5129094154498, 308.27528123989816, 403.9438359525164, 334.684860029934, 405.26840928308155, 270.63002209563354]}]}, "17": {"img_name": "0017", "gt": [{"cam_R_m2c": [0.82547897, 0.55821699, -0.0835412, 0.42791399, -0.71544403, -0.55229402, -0.36806899, 0.42015901, -0.82945299], "cam_t_m2c": [-16.63528435, 84.21066657, 985.67091086], "obj_bb": [253, 237, 119, 104], "obj_id": 8, "kps": [309.27378743565316, 285.12301047733445, 260.77861436724487, 304.48129099060725, 238.01771055736506, 244.94311393448095, 283.9287053966682, 275.322563469595, 266.09293609668543, 212.5021305015761, 362.35607296066263, 365.2354807473087, 358.14040821355457, 312.17880357476224, 384.2956205046676, 331.8786630939345, 384.5687593636856, 274.15713788205767]}]}, "18": {"img_name": "0018", "gt": [{"cam_R_m2c": [0.87816203, 0.431198, -0.207122, 0.151389, -0.66123998, -0.73474002, -0.45377499, 0.61386502, -0.64595503], "cam_t_m2c": [56.70658158, 108.31925324, 991.83806316], "obj_bb": [291, 259, 124, 102], "obj_id": 8, "kps": [350.7463910927891, 299.40203972390896, 304.8555092328263, 343.4410664171872, 276.1187345162697, 265.8011265585755, 322.1122537664867, 314.0636415416828, 297.0258564204806, 236.0735137291288, 419.94720223504635, 374.4273329726662, 405.8924669698922, 292.17091072210474, 433.77214477810793, 340.6866622797136, 422.5180154936534, 257.62364226950064]}]}, "19": {"img_name": "0019", "gt": [{"cam_R_m2c": [0.895724, 0.32865, -0.29944599, 0.0247027, -0.70924699, -0.70452702, -0.44392401, 0.62366402, -0.643408], "cam_t_m2c": [52.69479096, 80.2289691, 983.86871058], "obj_bb": [285, 243, 124, 100], "obj_id": 8, "kps": [347.9476753311291, 284.5248641739114, 308.6236888739531, 336.4379000941983, 268.51221344483844, 260.80879128939745, 321.9371457404916, 305.20513152639086, 285.52715877995274, 228.950542892113, 427.3996499840774, 349.61682504616874, 401.305827715258, 266.936436184726, 436.5754576683739, 314.66893278119426, 413.24280226789836, 231.105611351519]}]}, "20": {"img_name": "0020", "gt": [{"cam_R_m2c": [0.90684801, 0.193951, -0.37417901, -0.113133, -0.743213, -0.65942001, -0.40599, 0.64032602, -0.65203899], "cam_t_m2c": [27.75610845, 57.53401138, 960.31335519], "obj_bb": [267, 225, 124, 105], "obj_id": 8, "kps": [333.09429621854116, 273.26013872730323, 300.9066313813163, 333.30344235323787, 248.60276334398793, 260.8436764423103, 309.6026220983965, 300.01264515613155, 261.1472503495898, 226.50084738137528, 422.9581593461848, 326.63010646433816, 384.86826124310556, 244.85395673315912, 426.59488486415785, 290.5760403273386, 391.1874673260964, 207.72193512784338]}]}, "21": {"img_name": "0021", "gt": [{"cam_R_m2c": [0.91597998, 0.27925301, -0.288095, 0.0299111, -0.763569, -0.645033, -0.40010801, 0.58222002, -0.70776701], "cam_t_m2c": [7.06858879, 36.89922754, 972.1735891], "obj_bb": [257, 218, 125, 98], "obj_id": 8, "kps": [321.24185071061044, 259.7989677001697, 283.1993495676897, 311.41302502701944, 239.30398044486344, 239.06271337580355, 295.6916310027604, 278.99611483921205, 255.69497032023384, 204.9973082510982, 402.28705958074386, 321.95147265905393, 374.645065906249, 243.47199461837448, 410.780841062176, 286.16865643616393, 385.9572391224294, 205.60900981945406]}]}, "22": {"img_name": "0022", "gt": [{"cam_R_m2c": [0.927764, 0.278117, -0.248807, 0.0792343, -0.798356, -0.59694999, -0.36465901, 0.53411502, -0.76272202], "cam_t_m2c": [-12.05462395, 78.30141162, 944.92196429], "obj_bb": [244, 247, 130, 93], "obj_id": 8, "kps": [309.6592917860092, 285.5550561446929, 268.82440680856865, 330.56901067171304, 225.3465286205437, 266.1308417901832, 281.9797088012144, 295.46848280187623, 242.64121837146627, 227.8273061595642, 390.56350351843065, 349.10500621999836, 366.5920043259292, 281.6161699830781, 399.9220178220704, 310.3294663265439, 378.85485532949116, 238.77487015057866]}]}, "23": {"img_name": "0023", "gt": [{"cam_R_m2c": [0.96431601, 0.160735, -0.210379, 0.0433123, -0.87968802, -0.47357401, -0.261188, 0.44756299, -0.855259], "cam_t_m2c": [-22.72036891, 101.27853609, 939.76561839], "obj_bb": [235, 267, 138, 80], "obj_id": 8, "kps": [303.02657070282345, 301.11499805874416, 260.6734864372783, 340.46552178760203, 218.37891923830912, 295.3313046507846, 269.15783454362895, 301.9702270396738, 230.136124653338, 250.9055903861025, 385.73892970840603, 352.2793945823881, 367.964977311662, 306.39446189152875, 390.56451508754117, 311.11944008007856, 374.53194391209064, 258.3442167415675]}]}, "24": {"img_name": "0024", "gt": [{"cam_R_m2c": [0.97240502, 0.17684899, -0.152163, 0.0846231, -0.87516701, -0.476363, -0.21741299, 0.45034099, -0.865982], "cam_t_m2c": [-37.54993265, 133.15331207, 978.69448115], "obj_bb": [230, 286, 134, 75], "obj_id": 8, "kps": [295.4765630735262, 317.30046176188705, 250.84869438870442, 351.79253575747947, 215.69238994706768, 310.45308804349173, 260.004312311385, 314.3256818857548, 227.90425242572746, 267.24382999621275, 371.6270915096221, 367.97200389230875, 360.0937125505664, 327.6386760647846, 377.34361063930754, 328.2246510364033, 367.42453965200434, 281.31834750155804]}]}, "25": {"img_name": "0025", "gt": [{"cam_R_m2c": [0.96427399, 0.21194001, -0.158923, 0.14347599, -0.92215103, -0.359238, -0.222688, 0.323603, -0.91961497], "cam_t_m2c": [-64.37217082, 118.33791211, 987.27211039], "obj_bb": [215, 278, 131, 68], "obj_id": 8, "kps": [280.05534501831795, 308.35713175810525, 238.3327694362307, 333.1058196237592, 199.05016034502438, 304.9933633098795, 248.39722478182156, 295.5016278886504, 212.21829258026082, 260.38846375995337, 355.27256723098793, 355.62653840839397, 339.83558948468107, 330.87667305021887, 363.14765983703813, 315.711471684884, 349.8550436598281, 282.9567914631817]}]}, "26": {"img_name": "0026", "gt": [{"cam_R_m2c": [0.88171297, 0.13685501, -0.451502, -0.324617, -0.51847303, -0.79108101, -0.34235501, 0.84407097, -0.41271901], "cam_t_m2c": [79.31980008, 100.10633348, 998.79935084], "obj_bb": [298, 233, 120, 128], "obj_id": 8, "kps": [362.06207524374184, 297.0000098754908, 336.14361044667857, 372.8141511866622, 281.30864893836855, 286.49341901299834, 340.8333305033169, 345.16104450071964, 289.79167484623724, 261.8831186171012, 456.351010859367, 339.37768492298375, 408.31057477468823, 242.1476304735755, 453.99324745165336, 311.6835066359898, 408.96608031132865, 218.4773181934042]}]}, "27": {"img_name": "0027", "gt": [{"cam_R_m2c": [0.86335701, 0.194069, -0.465781, -0.28518799, -0.57384199, -0.76770699, -0.416273, 0.79563999, -0.44008401], "cam_t_m2c": [123.86106413, 29.72089811, 1006.63285875], "obj_bb": [324, 193, 118, 126], "obj_id": 8, "kps": [387.1071685250209, 256.3214362504144, 360.5210666649419, 329.9167214889454, 307.1495097922812, 244.54279814281819, 366.06582514987264, 303.2690829310389, 316.26853916378417, 220.48241954028245, 480.3366831665184, 300.0145835140789, 433.6116839875892, 202.3059444897587, 479.4397020373888, 272.64212856259604, 435.6025876704283, 178.49779286619807]}]}, "28": {"img_name": "0028", "gt": [{"cam_R_m2c": [0.93908399, 0.180122, -0.29270601, -0.0783721, -0.71699601, -0.69265699, -0.33463201, 0.67340398, -0.65920299], "cam_t_m2c": [64.84896386, 41.99051704, 1017.76698695], "obj_bb": [292, 217, 124, 100], "obj_id": 8, "kps": [353.88164641150337, 262.29170294189976, 315.23501262393296, 320.3520725341581, 277.5865260783636, 245.62688783186044, 322.44371026831925, 289.90596472498135, 287.65976372027023, 214.80872660554053, 435.11859949006697, 316.1443323699273, 412.7703517303562, 234.28669418108274, 437.1665367792514, 283.71925614310857, 416.33138931172925, 201.5564004753542]}]}, "29": {"img_name": "0029", "gt": [{"cam_R_m2c": [0.97673601, -0.183024, -0.111756, -0.208883, -0.69405699, -0.68895102, 0.0485296, 0.69626701, -0.71614099], "cam_t_m2c": [-91.88937972, -118.85604348, 1010.06294396], "obj_bb": [201, 113, 131, 121], "obj_id": 8, "kps": [265.62655490900977, 171.307435652484, 224.43315165648207, 243.65800245790595, 193.0910185009844, 152.97408706157998, 222.0731107337804, 216.39806158011748, 192.08561475275198, 126.45102932742591, 346.0887960504262, 217.7976028674501, 334.93593282877055, 124.00699593868714, 338.02596416439263, 192.0268401446558, 326.23742842900185, 99.36267706126435]}]}, "30": {"img_name": "0030", "gt": [{"cam_R_m2c": [0.93587202, -0.32830101, -0.127913, -0.31768101, -0.62922698, -0.70933199, 0.15238801, 0.70447999, -0.69317102], "cam_t_m2c": [-72.01268845, -45.39986107, 1025.25184702], "obj_bb": [215, 153, 125, 123], "obj_id": 8, "kps": [277.8746931800828, 214.35132283110994, 241.73083853432192, 290.27835037390935, 211.73043883092842, 204.83904394988582, 232.92632095112086, 263.34304690237013, 203.26431202533652, 178.5886762851749, 357.37796162881193, 250.3057226663846, 346.1509140054541, 161.92642797224048, 343.45622718485026, 226.05760129818552, 330.81493391889154, 138.88448846639977]}]}, "31": {"img_name": "0031", "gt": [{"cam_R_m2c": [0.83258098, -0.52205402, -0.18511599, -0.475357, -0.50187802, -0.72260201, 0.28433099, 0.68962198, -0.66601598], "cam_t_m2c": [-91.72110188, 52.06055069, 961.46696895], "obj_bb": [197, 198, 123, 139], "obj_id": 8, "kps": [263.1758440856445, 272.2381776791729, 237.93639507183522, 360.46548558260906, 196.98194252892293, 276.722097764714, 220.35261878241857, 333.234094459489, 179.05446530548105, 250.15255472882774, 348.85645420225, 292.7021931395655, 327.97119857234316, 204.5936420044589, 327.02646923527453, 270.3392843498112, 304.1039192270251, 183.79541011223006]}]}, "32": {"img_name": "0032", "gt": [{"cam_R_m2c": [0.91614598, -0.39478499, -0.0694391, -0.332697, -0.65226799, -0.681072, 0.223584, 0.64706397, -0.72891599], "cam_t_m2c": [-8.77121896, -8.84618247, 1020.04144003], "obj_bb": [253, 175, 126, 120], "obj_id": 8, "kps": [313.94909055017735, 235.22845182542, 275.03107235444963, 310.4821918943133, 257.26776469691094, 231.21370191648552, 261.6911930318436, 281.63418989670583, 242.7029921811737, 201.83255354587934, 387.07084346013124, 267.3671354039715, 388.23823920589615, 185.48630294234056, 369.553526646103, 241.64816849065517, 367.9924675435606, 159.86713386486375]}]}, "33": {"img_name": "0033", "gt": [{"cam_R_m2c": [0.93097299, -0.35907701, -0.065976, -0.31290701, -0.69167399, -0.650904, 0.18809, 0.62661803, -0.75628799], "cam_t_m2c": [27.36947376, 14.20644068, 994.96755274], "obj_bb": [273, 189, 131, 118], "obj_id": 8, "kps": [334.59062592397936, 248.5560986627576, 292.40077769332146, 322.30918859301266, 277.4487280177237, 247.65566391450048, 279.4245574352348, 290.9460335953183, 263.0197576990853, 214.76457041082122, 407.84580328681227, 280.6415910529789, 413.463610793261, 202.34299496115838, 390.49051701291944, 252.2495549736783, 392.99266998665945, 173.15696383379063]}]}, "34": {"img_name": "0034", "gt": [{"cam_R_m2c": [0.78418797, -0.34266001, -0.51733297, -0.61877197, -0.369234, -0.69338799, 0.0465793, 0.86385798, -0.50157702], "cam_t_m2c": [57.60574128, 9.24708568, 1035.44195332], "obj_bb": [289, 170, 118, 138], "obj_id": 8, "kps": [349.2387172424834, 247.1396362504855, 344.00035065318275, 332.91530529211457, 280.9115654586174, 255.43605677020696, 329.6264576806916, 313.26474236127984, 269.12399326241115, 238.75547320158825, 440.9553233660763, 255.1917047160172, 389.1524135861796, 170.0968859534425, 421.10189059726787, 240.22983402410233, 370.5779241949227, 159.0391028355422]}]}, "35": {"img_name": "0035", "gt": [{"cam_R_m2c": [0.77576101, -0.30831, -0.55058098, -0.630759, -0.353452, -0.690808, 0.0183791, 0.88318598, -0.46866301], "cam_t_m2c": [63.59483208, 12.79885766, 993.74767742], "obj_bb": [291, 168, 124, 145], "obj_id": 8, "kps": [353.5427970598276, 249.50507073659057, 349.97571943565987, 339.07435348510137, 280.553435686842, 258.8631309727984, 336.036580803541, 318.801112511226, 269.9624335200187, 242.04217603996997, 450.63684601719234, 256.5740338124639, 392.2735083947754, 167.93188973521825, 430.52770187414313, 241.48165688457397, 374.13278945503583, 157.3652431068106]}]}, "36": {"img_name": "0036", "gt": [{"cam_R_m2c": [0.79362702, -0.35862899, -0.49146801, -0.60807198, -0.440869, -0.66021502, 0.0200991, 0.82281297, -0.56795698], "cam_t_m2c": [46.21559011, 17.63794155, 984.94310851], "obj_bb": [280, 173, 123, 141], "obj_id": 8, "kps": [343.92462445030105, 252.48293491384368, 336.4768762257054, 340.06387645485677, 272.3992519397489, 264.78590671371796, 321.3853468678044, 316.59996184891173, 259.6084229600984, 243.31518407567458, 439.1048524657999, 260.7873655571885, 388.8709260615961, 175.45711157775236, 418.16250893412735, 241.9933569142882, 368.60143449997724, 159.87261039510352]}]}, "37": {"img_name": "0037", "gt": [{"cam_R_m2c": [0.77970701, -0.51500398, -0.35612801, -0.60771, -0.48543301, -0.62852502, 0.15081599, 0.70648801, -0.69146901], "cam_t_m2c": [21.99025903, 6.2157918, 1010.79570446], "obj_bb": [270, 170, 111, 134], "obj_id": 8, "kps": [330.6169551496558, 245.90555368170735, 319.19940146551284, 330.1921292460101, 270.8448047957974, 260.5678099132198, 299.12245960220764, 306.64657949867825, 250.44162040000433, 237.36590729709306, 414.813691393235, 252.82928049654888, 383.05398864038835, 173.82679329526945, 390.82853287822195, 233.668177114786, 357.28188145536836, 156.14761140522972]}]}, "38": {"img_name": "0038", "gt": [{"cam_R_m2c": [0.85043502, -0.52308601, -0.0560433, -0.453244, -0.67443901, -0.58283901, 0.267077, 0.52106798, -0.81065297], "cam_t_m2c": [68.65183169, 58.00517744, 1007.39254595], "obj_bb": [301, 212, 122, 117], "obj_id": 8, "kps": [358.8767296983126, 275.08083131722697, 323.4154535191835, 350.0419285847669, 315.41355268688676, 291.2349150489656, 302.57278468196796, 319.0976337413124, 291.06277401105626, 257.10554168661804, 424.8242953971064, 289.93856519087217, 435.6537614040181, 224.14025440962345, 401.60810898328634, 262.7246426995132, 407.9783880569803, 194.8704507130869]}]}, "39": {"img_name": "0039", "gt": [{"cam_R_m2c": [0.81098902, -0.57390499, -0.113711, -0.54552698, -0.67153502, -0.50143999, 0.211417, 0.46869501, -0.85768801], "cam_t_m2c": [100.07725036, 35.82938836, 955.26616007], "obj_bb": [320, 194, 125, 124], "obj_id": 8, "kps": [379.71322772480346, 264.60039795889946, 348.3904308811046, 342.69370651879075, 336.9692422819921, 291.88980625877366, 323.7143002533609, 311.2554473644443, 307.6412628591625, 256.0169399403379, 448.6771176012509, 269.7320873023972, 458.3933919688554, 206.83649516754608, 421.8376410287204, 242.073344983704, 425.90212749200936, 176.19371879266586]}]}, "40": {"img_name": "0040", "gt": [{"cam_R_m2c": [0.75588602, -0.65305698, -0.0463972, -0.589652, -0.64827299, -0.48171899, 0.28451201, 0.39148301, -0.87509698], "cam_t_m2c": [31.5839142, 51.32441933, 952.91322702], "obj_bb": [281, 203, 121, 123], "obj_id": 8, "kps": [339.05303692231314, 274.5705897181484, 310.51233629723265, 353.44819462290695, 300.43385174651235, 307.782768126747, 283.440874462809, 322.8903876537238, 267.87701800972405, 272.233472120858, 404.9298377047158, 273.5048598994593, 415.13391616355074, 214.6883198873909, 376.9217507092875, 246.9394480907333, 381.18779175372407, 184.71628656418224]}]}, "41": {"img_name": "0041", "gt": [{"cam_R_m2c": [0.76894403, -0.63856202, -0.0310293, -0.56732303, -0.65917403, -0.49359301, 0.294736, 0.397149, -0.86913902], "cam_t_m2c": [37.32993458, 67.37696269, 962.01595171], "obj_bb": [284, 214, 122, 121], "obj_id": 8, "kps": [342.3915213492384, 283.731881112931, 311.81580402473196, 361.31138941189806, 304.37176378096615, 315.9467610177436, 285.5155580190258, 330.2453494827974, 272.7578011400551, 279.88951579657095, 406.9522396877234, 284.0757825644891, 419.3884705426659, 226.47625807617644, 379.6778404661289, 257.0200167449197, 386.35208884779513, 195.9821379422417]}]}, "42": {"img_name": "0042", "gt": [{"cam_R_m2c": [0.65346402, -0.75635397, -0.0302246, -0.710352, -0.598948, -0.369679, 0.26150501, 0.263042, -0.92866802], "cam_t_m2c": [-21.47232239, -18.00572066, 964.23119778], "obj_bb": [253, 158, 110, 124], "obj_id": 8, "kps": [307.8108005751388, 233.9373643601887, 288.94747384353076, 312.02437537502806, 276.1253105120768, 275.07058142008344, 258.24407176405174, 285.77704374339095, 238.72480126290344, 243.70692081591892, 370.37531042463866, 221.63963456024055, 376.1381778991775, 167.51661949473623, 339.87719384326897, 198.45333240081675, 339.02293468756426, 140.5793294442971]}]}, "43": {"img_name": "0043", "gt": [{"cam_R_m2c": [0.69316602, -0.71774697, -0.0660327, -0.63864601, -0.56912601, -0.51790702, 0.33414501, 0.40116701, -0.85288501], "cam_t_m2c": [111.60242801, -11.05122968, 966.49812198], "obj_bb": [335, 160, 110, 132], "obj_id": 8, "kps": [387.24203172231296, 236.66914120903448, 362.9879511267073, 320.81657426652663, 361.56954313887917, 262.8114598427309, 331.83537247835443, 294.6331602399613, 324.00039358645046, 233.24775458948508, 444.7366377171615, 237.26800548315086, 459.53482895746987, 167.7490656103117, 413.50617375094436, 215.1771002085743, 421.87406069751427, 143.71011368441359]}]}, "44": {"img_name": "0044", "gt": [{"cam_R_m2c": [0.69701898, -0.71442002, -0.0613868, -0.62981802, -0.56905001, -0.52868801, 0.34277299, 0.407168, -0.84659398], "cam_t_m2c": [128.23227866, -22.3500689, 959.56002434], "obj_bb": [345, 152, 112, 135], "obj_id": 8, "kps": [397.7609028704767, 229.6481238522293, 372.3039268743285, 315.0493556889106, 373.4976357079218, 253.5674584381986, 340.7411045283665, 288.7937039314738, 335.3338012613848, 224.08587848485448, 454.29233769496705, 232.3304936307026, 471.50398823465986, 159.98268824339442, 422.69613787120255, 210.25440455259607, 433.32958120871774, 136.10977085737156]}]}, "45": {"img_name": "0045", "gt": [{"cam_R_m2c": [0.689062, -0.723795, -0.036253, -0.59957802, -0.541278, -0.58951199, 0.40706301, 0.42794701, -0.80694598], "cam_t_m2c": [121.54356204, -31.82658613, 962.41486711], "obj_bb": [342, 146, 110, 138], "obj_id": 8, "kps": [393.75451775112333, 223.33516026344282, 368.07785302775494, 311.27699741418735, 371.59688848690655, 239.29481262173454, 335.93380190609565, 286.0089223271944, 332.9559717828284, 211.76678637035354, 448.4124920659383, 231.990218742733, 466.4028811804403, 152.7652325769378, 416.6362628237899, 211.15880014070152, 428.34354962090623, 130.9376993842396]}]}, "46": {"img_name": "0046", "gt": [{"cam_R_m2c": [0.69350302, -0.72019702, -0.0192447, -0.57118499, -0.533342, -0.62393498, 0.43909201, 0.44369301, -0.78123897], "cam_t_m2c": [126.83515619, -9.57755194, 971.34109536], "obj_bb": [345, 161, 109, 136], "obj_id": 8, "kps": [396.3642180552204, 236.4120551378993, 369.6630106634129, 324.10050595907995, 375.64617473257124, 249.85155472170598, 337.66953603000417, 298.74607236090054, 337.3484861215128, 222.58952683081486, 449.4076544294996, 247.27748036007253, 468.7665780653641, 167.61321637783263, 417.9083748993218, 226.5021128894623, 431.2426698872547, 146.0978543118486]}]}, "47": {"img_name": "0047", "gt": [{"cam_R_m2c": [0.67531502, -0.73621702, -0.0439648, -0.53422803, -0.44719601, -0.71736699, 0.50847697, 0.507936, -0.69530702], "cam_t_m2c": [91.08536569, -5.96532835, 1010.66791314], "obj_bb": [323, 165, 101, 136], "obj_id": 8, "kps": [373.00107564389214, 237.86161876006474, 351.423185507619, 325.7983804289906, 349.7377856307743, 240.44943346204877, 319.9920681164417, 304.17674667402986, 313.3231063941826, 218.98882062244934, 427.75232063925813, 254.42891579997988, 437.56097498114787, 168.70859052755762, 396.9601020568916, 237.33882281504796, 402.01483027341203, 152.42017830268662]}]}, "48": {"img_name": "0048", "gt": [{"cam_R_m2c": [0.643125, -0.75749898, -0.112186, -0.50423503, -0.30865401, -0.80652398, 0.57631397, 0.57526302, -0.58046001], "cam_t_m2c": [77.37528824, -15.40552018, 992.9126059], "obj_bb": [315, 156, 97, 143], "obj_id": 8, "kps": [365.62992772192837, 231.4528708039387, 351.25171073620754, 324.0202003635283, 339.15391154380114, 221.82617795027232, 317.6962586715797, 307.2489396516977, 301.62814629342006, 207.77067381030724, 425.07911948981774, 253.68351528769415, 423.7428769531128, 156.6308969464266, 392.6036929466019, 241.5320676029504, 387.4816287605554, 147.17110055121108]}]}, "49": {"img_name": "0049", "gt": [{"cam_R_m2c": [0.758645, -0.64433402, -0.0963979, -0.48690099, -0.462421, -0.741009, 0.432881, 0.60909897, -0.66453999], "cam_t_m2c": [151.37020262, -33.20931665, 970.74554607], "obj_bb": [355, 146, 112, 142], "obj_id": 8, "kps": [410.00065135971056, 220.9085234517721, 383.65279455493476, 311.5342099471739, 379.54393086894225, 216.476979932108, 353.5297598369711, 288.6244916740936, 344.8778992374315, 194.94222944694715, 471.64860531863894, 244.97459316224828, 481.08193754091616, 150.1784164221769, 440.5792140413789, 226.86075612366952, 445.15951989165535, 133.96745178557197]}]}, "50": {"img_name": "0050", "gt": [{"cam_R_m2c": [0.78196698, -0.61855, -0.0769615, -0.461961, -0.49221301, -0.73777997, 0.41847199, 0.61247301, -0.67063999], "cam_t_m2c": [134.46241334, -36.88209339, 976.15738793], "obj_bb": [344, 146, 115, 139], "obj_id": 8, "kps": [399.4299996957855, 218.70118735525662, 369.9408413078438, 307.61346328449594, 366.43224916754673, 213.1855503958745, 341.7459223788741, 283.7764290986931, 333.9595985076892, 190.52799550568173, 461.85697781242254, 244.9507195239481, 472.47760268718366, 150.87364341066012, 432.28231996981935, 225.75597937714588, 438.18043183227843, 133.38838056181277]}]}, "51": {"img_name": "0051", "gt": [{"cam_R_m2c": [0.82653999, -0.55869901, -0.0684579, -0.425971, -0.54135901, -0.72490001, 0.36794001, 0.62831998, -0.68544501], "cam_t_m2c": [151.31783102, -54.26957892, 978.77181957], "obj_bb": [352, 138, 120, 136], "obj_id": 8, "kps": [408.9072030913469, 208.30850535616545, 374.51728485073215, 294.7499931697911, 373.17675285626683, 200.91269611065206, 348.85506456366755, 269.6096964342952, 343.47034431998486, 176.7459116134916, 472.22869036464107, 238.1167689563701, 486.05491268826137, 144.11595058192367, 444.3560969133047, 217.2849856280832, 453.42631769473667, 124.81226393944877]}]}, "52": {"img_name": "0052", "gt": [{"cam_R_m2c": [0.85107702, -0.51892602, -0.0798957, -0.41212901, -0.565992, -0.71400499, 0.32529601, 0.64060098, -0.69556701], "cam_t_m2c": [168.19097563, -57.90537181, 976.64789277], "obj_bb": [361, 136, 124, 136], "obj_id": 8, "kps": [418.81268270411454, 206.0684394096054, 382.3181090304569, 291.41825259835576, 380.8259246558166, 198.82239885710413, 358.0126509320659, 265.46088229776313, 352.6554337914387, 173.67435936013527, 483.5608785119986, 236.87732325593052, 498.15566009790575, 143.21451737897908, 456.48145688967304, 215.03936889758606, 466.28909772698114, 122.79384610562335]}]}, "53": {"img_name": "0053", "gt": [{"cam_R_m2c": [0.85656703, -0.509229, -0.0835388, -0.410934, -0.57519197, -0.70731002, 0.312132, 0.64018703, -0.70195001], "cam_t_m2c": [166.9020328, -67.47161335, 975.89864921], "obj_bb": [360, 130, 124, 136], "obj_id": 8, "kps": [418.04812676341425, 200.3915422825015, 381.13182486638607, 285.51599685322566, 379.00964126459206, 192.9355298623971, 357.3202440291222, 259.48636678844275, 351.4121846679834, 167.66056987661878, 483.44803992777344, 231.58135060222133, 497.8267351880782, 137.64109737036983, 456.7164294258631, 209.58312307438138, 466.32009001113585, 117.02094681089758]}]}, "54": {"img_name": "0054", "gt": [{"cam_R_m2c": [0.883075, -0.45920399, -0.0964892, -0.391258, -0.607081, -0.691643, 0.259029, 0.64852399, -0.71576601], "cam_t_m2c": [162.25706753, -87.36008113, 966.97382594], "obj_bb": [356, 118, 129, 136], "obj_id": 8, "kps": [415.8051673068171, 188.06349294795947, 376.4582127291679, 272.4770067686476, 371.8467199061484, 179.4533585024607, 354.8943258074892, 245.67752317857534, 346.91893446437325, 153.28852527480907, 484.3753902731497, 221.54720110451302, 497.96532465659055, 126.2367430848574, 459.16034998000885, 198.47692489545034, 468.08241644979466, 104.46594599528095]}]}, "55": {"img_name": "0055", "gt": [{"cam_R_m2c": [0.83977699, -0.53969097, -0.0592234, -0.447696, -0.62663198, -0.63788801, 0.30715099, 0.56219798, -0.76784903], "cam_t_m2c": [108.5294178, -41.27832321, 989.77396167], "obj_bb": [325, 149, 123, 129], "obj_id": 8, "kps": [382.88889361110057, 217.02851103653103, 347.12537390931703, 298.7037059106138, 342.9549793187938, 220.13658322859945, 324.15964250623637, 270.7295824347898, 316.0925610097838, 190.89637755677575, 447.49611850589025, 240.64177445754692, 460.99408288455885, 158.03154541602197, 422.1859822697704, 216.6063152654793, 430.9082545803971, 133.65081453748886]}]}, "56": {"img_name": "0056", "gt": [{"cam_R_m2c": [0.96021599, -0.242495, 0.138494, -0.13285001, -0.83288801, -0.53726, 0.24563301, 0.49748701, -0.83196801], "cam_t_m2c": [107.75833365, 41.46136717, 971.05897873], "obj_bb": [326, 222, 143, 93], "obj_id": 8, "kps": [383.89892818585014, 264.5559949454056, 320.91816432025064, 323.7799420539824, 339.70798547914745, 264.1394160643426, 311.0792537588703, 286.4551637138271, 327.11732844776367, 221.99265872102896, 439.3570235654504, 303.074385778258, 479.8896416009474, 243.1862301199124, 425.99418620086425, 268.3581960680803, 462.41050448779146, 204.43445350120638]}]}, "57": {"img_name": "0057", "gt": [{"cam_R_m2c": [0.78823501, -0.587089, -0.184425, -0.347545, -0.177385, -0.92073202, 0.507837, 0.78984898, -0.34386101], "cam_t_m2c": [38.44294779, 113.02253459, 1042.12673803], "obj_bb": [284, 233, 105, 137], "obj_id": 8, "kps": [340.57351148323113, 301.6296043732511, 319.0946936482648, 390.01723851492864, 294.70244497677777, 281.92126317419047, 295.27684953894635, 374.29511241895585, 270.6294672711832, 271.63854020031556, 413.329647592788, 333.084342402057, 398.1975165142984, 233.22651293169312, 387.07450813612405, 321.8443741767177, 371.050755333299, 226.69096661707724]}]}, "58": {"img_name": "0058", "gt": [{"cam_R_m2c": [0.79590398, -0.568937, -0.20699599, -0.36733299, -0.182024, -0.91210401, 0.48125201, 0.80198401, -0.353863], "cam_t_m2c": [60.79092881, 101.1117072, 1024.2099712], "obj_bb": [296, 226, 106, 139], "obj_id": 8, "kps": [353.2588727595327, 296.1195461419054, 332.57665895907496, 386.09105605557, 305.84826427350276, 277.1959709012816, 308.42620876573034, 370.0708103798164, 281.531791289753, 266.7987708346387, 428.10244805566685, 326.92164162743074, 411.23502045348073, 225.60368169605428, 401.2351906296336, 315.56827578862163, 383.4761416183562, 219.18726731116445]}]}, "59": {"img_name": "0059", "gt": [{"cam_R_m2c": [0.81786299, -0.53810602, -0.20382001, -0.367708, -0.2163, -0.90443701, 0.442597, 0.81465101, -0.374769], "cam_t_m2c": [12.39512485, 110.34417375, 1033.97863368], "obj_bb": [267, 231, 109, 138], "obj_id": 8, "kps": [325.81134513375486, 300.82034913213556, 302.20049391241275, 389.4340893388717, 273.66669704070205, 283.8883787800402, 281.46876793069544, 371.9351384591391, 253.0767665924293, 271.6462130856396, 402.6329411005124, 331.45841976055476, 384.6671899777436, 232.02124613575248, 378.3764676488241, 318.58648822438147, 359.68033774469205, 223.89632219664142]}]}, "60": {"img_name": "0060", "gt": [{"cam_R_m2c": [0.858684, -0.454362, -0.237103, -0.36813399, -0.224948, -0.90215099, 0.356567, 0.86194801, -0.360425], "cam_t_m2c": [-40.57135172, 115.60488101, 1026.97881097], "obj_bb": [234, 234, 114, 139], "obj_id": 8, "kps": [295.55551963063056, 304.14080051995705, 269.06663079597865, 392.6186658975484, 233.65070877512392, 287.448311129976, 253.94164199987236, 374.12333591702503, 219.71823247307063, 274.51302529182504, 378.4857547198143, 335.97119254878413, 354.19433117955424, 235.16870085584577, 358.1930084018536, 322.0442806434632, 333.95698497124425, 226.42872141587125]}]}, "61": {"img_name": "0061", "gt": [{"cam_R_m2c": [0.76740599, -0.52011597, -0.374924, -0.54648799, -0.224783, -0.80673599, 0.33532, 0.82398498, -0.45673701], "cam_t_m2c": [39.10152426, 94.3142056, 995.72026925], "obj_bb": [279, 217, 114, 145], "obj_id": 8, "kps": [340.59251422559726, 295.5788620520288, 330.9462767872986, 388.96871461383984, 280.75645559017687, 295.315018248489, 308.91305746362207, 370.75454646748454, 259.8158407974745, 281.45195017997156, 426.47715825114096, 309.7433830655047, 389.8261118424199, 215.75468526543526, 400.6288421520057, 297.2161432606945, 363.8044611627369, 207.8008864379027]}]}, "62": {"img_name": "0062", "gt": [{"cam_R_m2c": [0.75017601, -0.53277099, -0.39165199, -0.59540999, -0.28662601, -0.75055498, 0.28761601, 0.79624099, -0.53223699], "cam_t_m2c": [30.68845899, 8.76594984, 990.75605633], "obj_bb": [275, 166, 114, 146], "obj_id": 8, "kps": [335.781392252319, 246.56305739102922, 328.4353364648268, 338.8768558151593, 275.3838779572144, 248.5185312665627, 306.1885812459407, 321.4046463114404, 253.91484491364884, 234.79521924080453, 422.16624107538803, 258.08191757363227, 383.9045267361811, 164.54700107258836, 396.16500806136554, 246.0268221909341, 357.32317004394315, 156.78481672488516]}]}, "63": {"img_name": "0063", "gt": [{"cam_R_m2c": [0.78059602, -0.51974702, -0.347179, -0.513699, -0.21705, -0.83006197, 0.35606599, 0.826289, -0.43642199], "cam_t_m2c": [-30.28672057, 81.66456994, 992.33542665], "obj_bb": [237, 210, 117, 146], "obj_id": 8, "kps": [300.3284780960935, 288.01315626131947, 287.2476329998566, 381.7002849628772, 236.05757195919284, 283.00184808312514, 267.7127239348065, 364.0897455174962, 218.0365854760258, 270.25256452491, 388.1080