{"class": 9, "diam": 108.99920102, "obj_name": "duck", "img_path": "../../dataset/Linemod_preprocessed/data/09/rgb", "depth_path": "../../dataset/Linemod_preprocessed/data/09/depth", "mask_path": "../../dataset/Linemod_preprocessed/data/09/mask", "trainlist": "../../dataset/Linemod_preprocessed/data/09/train.txt", "testlist": "../../dataset/Linemod_preprocessed/data/09/test.txt", "gt_num": 1254, "0": {"img_name": "0000", "gt": [{"cam_R_m2c": [0.99555397, -0.0246045, 0.0909228, 0.032046, -0.81922501, -0.57257599, 0.0885742, 0.57294399, -0.81479502], "cam_t_m2c": [65.210825, 30.60059019, 822.65398262], "obj_bb": [333, 240, 72, 59], "obj_id": 9, "kps": [370.88464801061514, 268.1441893738473, 332.34745861113805, 300.8502270261652, 338.85903863531206, 269.2602014678352, 330.7425506684416, 256.30717359963853, 336.75635629463426, 222.59466705010436, 403.1141047934419, 302.48778962831415, 415.9631845224544, 271.42561093466895, 397.97709720483925, 258.3284967838674, 409.68620568547124, 225.17209659908573]}]}, "1": {"img_name": "0001", "gt": [{"cam_R_m2c": [0.99782598, 0.025989, 0.0605568, 0.0540827, -0.84801298, -0.52720898, 0.0376513, 0.529338, -0.84757501], "cam_t_m2c": [103.43000227, -63.23375474, 920.28993234], "obj_bb": [356, 181, 64, 54], "obj_id": 9, "kps": [389.82644715216964, 207.28805319255903, 354.50704081595967, 235.51221006054806, 360.4208003051036, 204.88162554650773, 354.4590474563792, 197.17589609614248, 360.1004494741064, 164.8506050760902, 417.9676716164742, 238.9928303588857, 429.18061792756106, 208.79352358893385, 415.26397238195364, 200.6648066874455, 425.7533843994719, 168.75931322173577]}]}, "2": {"img_name": "0002", "gt": [{"cam_R_m2c": [0.99229097, 0.10486, 0.0660517, 0.123904, -0.828646, -0.54588801, -0.00250817, 0.54986399, -0.83525097], "cam_t_m2c": [114.64548894, -41.65602546, 941.48426333], "obj_bb": [362, 196, 63, 52], "obj_id": 9, "kps": [395.1066789450802, 221.2970830012584, 358.75407653441613, 246.45016323355864, 365.1273854542691, 216.47184245152513, 361.97897066724585, 209.42337726720862, 368.30866199010154, 177.96266681331394, 420.81794914346307, 254.21561746393527, 432.2169254328291, 224.8569941643899, 421.39785537997636, 216.84807020984306, 432.3181401711055, 185.95186354522554]}]}, "3": {"img_name": "0003", "gt": [{"cam_R_m2c": [0.99710798, -0.0758778, -0.00426525, -0.0600021, -0.75155902, -0.656932, 0.0466409, 0.65528798, -0.75393802], "cam_t_m2c": [100.61034025, 180.32773127, 1024.07664363], "obj_bb": [352, 324, 57, 48], "obj_id": 9, "kps": [382.3103262108431, 346.62125245329275, 354.0135897544381, 376.2693413082714, 355.72367470430993, 351.7683240397605, 349.54728775510233, 339.045064141868, 350.8874976604864, 313.39861015838244, 411.55218399941185, 372.15912916762977, 417.09080014886354, 347.5071843940034, 404.41395356651816, 335.294381809089, 409.2246690660629, 309.53276448726524]}]}, "4": {"img_name": "0004", "gt": [{"cam_R_m2c": [0.99675798, -0.0803933, 0.0031728, -0.0683016, -0.86636502, -0.49472001, 0.0425209, 0.492899, -0.86904699], "cam_t_m2c": [56.87556494, 7.62061195, 1046.88219803], "obj_bb": [328, 228, 55, 45], "obj_id": 9, "kps": [357.29592124219175, 249.46347216399164, 329.46513479195494, 277.62201339265783, 329.9393937102937, 255.69874132189523, 326.08400199793465, 241.45162209827367, 326.2953253051498, 217.71898489449507, 385.2751988696809, 273.64074954319375, 389.9339694559284, 251.51687583877364, 379.98132994838, 237.75306925988193, 384.0852578101495, 213.8554705913612]}]}, "5": {"img_name": "0005", "gt": [{"cam_R_m2c": [0.99559999, -0.0768314, 0.0536454, -0.0528974, -0.93335402, -0.355039, 0.0773483, 0.35063899, -0.93331099], "cam_t_m2c": [23.02213434, 30.62409663, 1051.98862735], "obj_bb": [309, 243, 55, 41], "obj_id": 9, "kps": [338.55609023658167, 260.8549497259954, 310.1897632590081, 287.27997690117127, 311.6238950439448, 273.3682393059394, 307.4705427586434, 248.5446913412227, 308.6536648424039, 231.96976265245542, 365.28268766851016, 284.0153635238181, 371.10086692843305, 269.9552525296374, 361.23561141723764, 245.64191429417428, 366.5860291035063, 228.971524859369]}]}, "6": {"img_name": "0006", "gt": [{"cam_R_m2c": [0.990628, -0.123999, 0.0572775, -0.106915, -0.964917, -0.239802, 0.0850033, 0.23143101, -0.96913099], "cam_t_m2c": [14.08967382, 17.1103378, 1042.07107682], "obj_bb": [304, 235, 56, 41], "obj_id": 9, "kps": [333.7907516362481, 252.7889526461811, 306.3854554143669, 279.73350658401677, 307.64365800804813, 270.96351762540615, 301.64687608272993, 239.7412801965316, 302.4910883999529, 227.82292598287594, 361.4174297266012, 273.4888607282432, 367.25314704425466, 264.2763350498061, 355.8184910393755, 233.92222873628728, 361.0924941994677, 221.63158018548066]}]}, "7": {"img_name": "0007", "gt": [{"cam_R_m2c": [0.95775199, -0.287487, 0.00789496, -0.28393099, -0.949561, -0.13310499, 0.0457626, 0.12524, -0.99107099], "cam_t_m2c": [26.41171307, 59.10205124, 1048.71392021], "obj_bb": [312, 255, 54, 41], "obj_id": 9, "kps": [340.66269540531437, 274.4288434228922, 318.4972229094507, 303.6329261124583, 318.3098482145812, 302.319517870328, 306.9095756833802, 264.537424310339, 305.74833593198673, 259.9448450589499, 371.11244495952866, 287.74175945722914, 375.3777948822339, 285.0900349178899, 359.1108355397417, 248.9566070096204, 362.32962906393607, 243.07998349255485]}]}, "8": {"img_name": "0008", "gt": [{"cam_R_m2c": [0.976771, -0.212835, -0.0248988, -0.21413399, -0.965087, -0.15084399, 0.00807533, 0.15267199, -0.988244], "cam_t_m2c": [60.77081705, -31.08807494, 1008.64807102], "obj_bb": [331, 206, 57, 43], "obj_id": 9, "kps": [360.79498966402883, 225.28364682233706, 335.7122242333999, 255.17609586539888, 335.3619191930663, 248.61054859290027, 326.6689730762128, 214.47135281835693, 325.5348274632319, 204.4383151440511, 391.5503836673371, 242.8976709138746, 396.1221489241835, 235.25562457061662, 381.8902279739575, 202.3626322291896, 385.5653113945719, 191.28395843873216]}]}, "9": {"img_name": "0009", "gt": [{"cam_R_m2c": [0.96954602, -0.242717, -0.0326981, -0.244436, -0.96730798, -0.0675733, -0.0152279, 0.073508, -0.99717802], "cam_t_m2c": [46.53904505, -12.61243882, 992.12650451], "obj_bb": [323, 214, 58, 44], "obj_id": 9, "kps": [353.3159238157905, 234.89474774564218, 328.97983181226164, 264.53221503242105, 327.62216345261135, 263.054258540577, 318.60355310739203, 223.05373918267472, 316.32359166312244, 217.86539943854163, 385.18732178522487, 250.36895422743717, 388.90606550930335, 247.60877428450468, 374.48668736335674, 208.90458714124566, 377.22210506727504, 202.43675791096263]}]}, "10": {"img_name": "0010", "gt": [{"cam_R_m2c": [0.97930503, -0.199002, -0.0368656, -0.199498, -0.91850001, -0.341405, 0.0340792, 0.34169501, -0.93919301], "cam_t_m2c": [-47.08448003, -37.51472467, 1061.37289339], "obj_bb": [273, 205, 55, 42], "obj_id": 9, "kps": [301.6554155067506, 224.00910146433844, 278.41050532060797, 254.2318826790855, 272.86525218633454, 238.5274633252019, 271.6019051855851, 217.30449276373236, 265.66798660725783, 199.1239731205583, 332.26091684428553, 243.23104427921305, 331.02784296950676, 226.7050574921197, 324.1984425626379, 206.68192927312327, 322.3705597034714, 187.73870352181362]}]}, "11": {"img_name": "0011", "gt": [{"cam_R_m2c": [0.99503499, -0.0990847, 0.0094042, -0.0929213, -0.95866603, -0.26893499, 0.0356628, 0.26672599, -0.963112], "cam_t_m2c": [-104.01676477, -47.79371458, 1047.26971907], "obj_bb": [241, 200, 57, 41], "obj_id": 9, "kps": [270.3091470417425, 217.83827242862017, 244.13922933345765, 245.07875996972294, 237.86629386194315, 232.02909776779555, 241.66388397037446, 206.2217533308486, 235.31722504051567, 190.27630980446818, 299.4888219355061, 239.91520205075287, 297.8188922174269, 226.48703057215496, 295.983641532252, 201.286520546826, 294.0634390917459, 184.99934340980718]}]}, "12": {"img_name": "0012", "gt": [{"cam_R_m2c": [0.99951601, 0.030914, 0.00343863, 0.0306625, -0.96069801, -0.27589601, -0.00522556, 0.275868, -0.96118098], "cam_t_m2c": [-92.77259698, 18.89927394, 1052.15899309], "obj_bb": [248, 236, 56, 41], "obj_id": 9, "kps": [276.6629728880556, 254.08604674896733, 247.92801395680564, 277.1656511803295, 241.73027073455864, 266.50310522787066, 250.6638435210435, 237.8612284126982, 244.81612591402833, 224.2534266316913, 303.0884481966126, 278.8801562781109, 301.43079752394357, 268.35301287744323, 304.7584385174965, 239.5231305041983, 303.2701233521249, 226.04208454588786]}]}, "13": {"img_name": "0013", "gt": [{"cam_R_m2c": [0.92958897, 0.36834201, -0.0137567, 0.31890899, -0.82242799, -0.471073, -0.18483, 0.43351701, -0.88198698], "cam_t_m2c": [-74.67455183, 89.66651686, 1047.47997242], "obj_bb": [258, 276, 55, 42], "obj_id": 9, "kps": [286.2371856767214, 294.26498937036257, 252.5886486273472, 308.565063239771, 246.43673040227884, 290.48410556054625, 269.4632973603431, 273.7114080625518, 264.7416127291786, 253.6735163313594, 303.74343167955715, 327.81790482151956, 301.4030463379609, 310.86198944741665, 319.34481143771154, 291.7569896639357, 318.2413720398128, 272.68012358178413]}]}, "14": {"img_name": "0014", "gt": [{"cam_R_m2c": [0.909895, 0.41258001, -0.0432267, 0.356015, -0.83011001, -0.429151, -0.212942, 0.37509301, -0.90219802], "cam_t_m2c": [-55.04354835, 41.31797565, 1050.76677188], "obj_bb": [270, 250, 54, 42], "obj_id": 9, "kps": [297.13064132332306, 267.7369392710712, 263.76809274649514, 280.73274835447023, 256.95264347625465, 262.78575625756145, 281.7639339630208, 246.6727233986433, 276.47992745509197, 226.69027819534745, 313.61152371749273, 301.5871151956846, 310.5489610084586, 284.8700358730689, 330.6492719686763, 266.27994212314746, 328.97144158308333, 247.35272095919416]}]}, "15": {"img_name": "0015", "gt": [{"cam_R_m2c": [0.883883, 0.46770799, -0.00065427, 0.442516, -0.836725, -0.32259801, -0.151429, 0.28485, -0.946536], "cam_t_m2c": [-62.75458796, 74.01596157, 1043.18816302], "obj_bb": [265, 266, 54, 42], "obj_id": 9, "kps": [292.4371100477946, 285.0410278217974, 257.9993406670762, 293.5965181931092, 252.50861225151837, 281.9153717951955, 278.13828795352845, 258.87547331339647, 274.36516902721496, 244.68949270331285, 306.6197928546455, 319.2542847466685, 305.05001415292566, 309.5010820871563, 326.06537828387934, 283.5075295741005, 326.0983335897085, 271.0851160566755]}]}, "16": {"img_name": "0016", "gt": [{"cam_R_m2c": [0.89001101, 0.45583099, 0.00990914, 0.43804601, -0.84885401, -0.29590899, -0.12647299, 0.267703, -0.95516503], "cam_t_m2c": [-76.39962447, 81.94688064, 1044.73267313], "obj_bb": [257, 270, 54, 42], "obj_id": 9, "kps": [285.0324847789665, 289.0805231587907, 250.69374681026423, 297.5066911233241, 245.07640420916718, 287.5017552524838, 270.4127054415964, 262.2841680348869, 266.490646460327, 249.65787121596497, 299.554137348891, 322.74336969391175, 297.91440382574086, 314.6978212854782, 318.5827642252262, 286.6137919132501, 318.52264753608557, 275.7985332502059]}]}, "17": {"img_name": "0017", "gt": [{"cam_R_m2c": [0.99098098, 0.12808201, -0.0393943, 0.0882561, -0.84504801, -0.52735698, -0.100835, 0.51912397, -0.84873003], "cam_t_m2c": [25.92473477, 28.87634021, 1037.89680761], "obj_bb": [311, 241, 57, 45], "obj_id": 9, "kps": [341.01388430718424, 261.59719022466044, 309.54479819440655, 285.1281457816772, 306.4278024145864, 262.0330355757455, 315.280167398842, 249.43389291179847, 312.6913776160003, 224.71434426450082, 365.8623491520468, 290.6004624221099, 366.9078915115863, 267.6639584838427, 369.57522525254296, 254.35917973372534, 370.84513432713976, 229.73598910691865]}]}, "18": {"img_name": "0018", "gt": [{"cam_R_m2c": [0.98964798, 0.13484, -0.0491391, 0.0885662, -0.84324002, -0.530191, -0.112927, 0.52034998, -0.84645301], "cam_t_m2c": [19.32837298, 18.55563995, 1040.03576318], "obj_bb": [308, 235, 57, 45], "obj_id": 9, "kps": [337.45738270988124, 255.94592789413295, 306.15004239712584, 279.46697157515877, 302.3130908106574, 255.87341747993284, 312.2682943187098, 244.13676846829313, 309.01238371746297, 218.9774058246283, 362.26164821721085, 284.9381026910594, 362.5413747753178, 261.46588231567426, 366.37359703443974, 249.02377436777277, 366.9352535539464, 223.92118402049087]}]}, "19": {"img_name": "0019", "gt": [{"cam_R_m2c": [0.99820501, 0.0447943, 0.0397535, 0.0580478, -0.88700902, -0.45808899, 0.014742, 0.45957401, -0.888017], "cam_t_m2c": [-178.85410395, -1.42913505, 998.44049213], "obj_bb": [194, 224, 60, 46], "obj_id": 9, "kps": [224.98805779859424, 244.5805559103334, 193.4449102541343, 269.93994685687534, 184.86462539897917, 248.2863731998413, 199.78001819915912, 231.61631138460288, 192.0052760401472, 207.7670031234872, 252.17337692023673, 273.3083338139609, 248.34462687580637, 251.96181919607682, 256.5190108673178, 234.92704246614582, 253.16721233296573, 211.37260587721758]}]}, "20": {"img_name": "0020", "gt": [{"cam_R_m2c": [0.99567097, -0.00608398, 0.0927502, 0.040497, -0.86977297, -0.491788, 0.0836636, 0.493415, -0.86576098], "cam_t_m2c": [-195.18113384, -25.3418519, 959.45917682], "obj_bb": [178, 208, 63, 49], "obj_id": 9, "kps": [210.9107082264716, 230.79213048702593, 177.66652017980283, 258.1284037456016, 170.54586176066869, 232.56373879411558, 182.97428853422042, 219.3352213352108, 176.56409118965283, 191.7411183484341, 239.59922570530603, 260.4558851802201, 237.60970264998852, 235.32756305771582, 242.5424984524394, 221.90783202647935, 240.8641932190328, 194.7704267700867]}]}, "21": {"img_name": "0021", "gt": [{"cam_R_m2c": [0.99350899, 0.00017662, 0.113752, 0.0641424, -0.82672501, -0.55893803, 0.0939425, 0.56260598, -0.82137001], "cam_t_m2c": [-185.68347119, -32.6590878, 988.9227009], "obj_bb": [188, 203, 60, 50], "obj_id": 9, "kps": [219.49788522553135, 227.45784206681205, 186.1290387285892, 253.51468127193988, 181.5841014920174, 224.74964554692423, 191.9571847360203, 217.77470048309533, 188.03883949427524, 187.70842287769025, 246.44529282839673, 257.217333956684, 246.47968668996094, 229.03170339182836, 249.71923775140723, 221.65756957371667, 249.98715845610204, 192.17091926595157]}]}, "22": {"img_name": "0022", "gt": [{"cam_R_m2c": [0.99141401, -0.00576237, 0.130631, 0.0708762, -0.81585503, -0.57389599, 0.109883, 0.578228, -0.808442], "cam_t_m2c": [-185.34245149, -37.42079785, 1005.15263264], "obj_bb": [190, 201, 59, 49], "obj_id": 9, "kps": [221.23957881953666, 225.12096532343887, 188.06296678537296, 250.5791609905383, 184.77637669231203, 221.27310311590352, 193.63411697662096, 215.9298871770633, 190.88754425489276, 185.52083930909728, 247.52395508208082, 254.6327400214068, 248.59564605131422, 225.9736498304917, 250.5430578449311, 220.18588496785858, 251.77616862750736, 190.42152446274804]}]}, "23": {"img_name": "0023", "gt": [{"cam_R_m2c": [0.98626798, 0.121614, 0.11174, 0.16074701, -0.55163002, -0.81845301, -0.037896, 0.82517499, -0.563604], "cam_t_m2c": [-73.97141993, 155.59940934, 1056.72271724], "obj_bb": [256, 307, 56, 49], "obj_id": 9, "kps": [285.9896029383588, 331.7826727030646, 251.74903451501564, 353.18438238008844, 253.67471522413695, 318.41339950909503, 260.79484374141305, 324.84679529093245, 263.0148570784051, 290.87498423323865, 307.7826049133538, 362.80098054199567, 312.42593121510333, 328.35730657898756, 313.6386078520862, 333.80946589786606, 318.2689919303924, 300.1185385279223]}]}, "24": {"img_name": "0024", "gt": [{"cam_R_m2c": [0.99863702, 0.0512224, 0.0100623, 0.0414038, -0.65982801, -0.75027603, -0.0317915, 0.74966902, -0.66104901], "cam_t_m2c": [-35.53186966, -18.94297372, 1056.70938968], "obj_bb": [278, 211, 56, 50], "obj_id": 9, "kps": [307.40495230777293, 237.06338839130018, 276.50535046725594, 261.8866601164318, 274.23926943815246, 226.1687134956046, 281.0754590879221, 234.59756911668353, 279.1780043265393, 199.37703610318067, 332.9691396870283, 264.30124911131566, 333.90153066257307, 228.60154836246687, 334.6073383140181, 236.80475097011185, 335.5763833052811, 201.59189586846074]}]}, "25": {"img_name": "0025", "gt": [{"cam_R_m2c": [0.99607199, 0.0875696, 0.0130988, 0.0651769, -0.62500501, -0.77789497, -0.0599331, 0.775693, -0.62825799], "cam_t_m2c": [-67.88678007, 13.04258758, 1073.25090113], "obj_bb": [262, 229, 55, 49], "obj_id": 9, "kps": [290.5240289705564, 254.32653401459964, 259.2098657872865, 277.94055326997625, 256.351782416661, 242.32909098149386, 266.1329936762836, 251.55396890825577, 263.77918175163023, 216.60729229045057, 314.6242991979523, 281.80980926623147, 314.69325466187655, 246.1839726870404, 318.63365780144454, 255.07056061331605, 318.89989061683923, 220.09649886107084]}]}, "26": {"img_name": "0026", "gt": [{"cam_R_m2c": [0.977413, 0.211339, 0.00079272, 0.13568901, -0.62465799, -0.76902002, -0.162029, 0.75175703, -0.63922501], "cam_t_m2c": [-75.39421241, -5.53193935, 1042.63151685], "obj_bb": [256, 218, 57, 51], "obj_id": 9, "kps": [285.49477148232126, 244.5762011083032, 251.81698893407, 266.37774910328574, 247.81102345050425, 229.71285966688887, 264.1303997056909, 240.05928213071434, 260.9865546330424, 204.05157085499167, 307.2024652200966, 274.6483316238821, 306.230414523369, 237.81229239763704, 316.75183021757556, 247.48028265459453, 316.33937893142337, 211.27684290795713]}]}, "27": {"img_name": "0027", "gt": [{"cam_R_m2c": [0.91407001, 0.401948, 0.0539795, 0.291659, -0.55902898, -0.77615798, -0.28179899, 0.72520602, -0.62822402], "cam_t_m2c": [-86.69677313, 34.98901375, 1066.1128325], "obj_bb": [252, 241, 53, 50], "obj_id": 9, "kps": [279.8952731845341, 266.4263412429095, 244.5193037283198, 281.7083232936549, 242.86311788858666, 246.5999668597199, 264.1901993034175, 257.8958756683351, 263.5987247258056, 223.4241966659061, 294.28254863147447, 299.45339234991854, 295.2661953557704, 264.2669251846435, 311.95174014709835, 274.10721253518074, 313.78668846157416, 239.50094049095335]}]}, "28": {"img_name": "0028", "gt": [{"cam_R_m2c": [0.90569699, 0.41744599, 0.073836, 0.33308101, -0.59299201, -0.73308802, -0.26224101, 0.68854898, -0.67611402], "cam_t_m2c": [-71.72601563, 40.30781717, 1048.42975783], "obj_bb": [259, 245, 54, 49], "obj_id": 9, "kps": [287.1254479388951, 269.45353966517945, 250.86941626990335, 283.6903582733754, 250.18548600491067, 250.2866413016168, 270.96492854163233, 258.15002067935995, 271.41404592465983, 225.0298954376352, 301.1097147736906, 304.0277892828284, 303.3797117047727, 270.8932826869584, 319.2540990558048, 276.8518393751499, 322.42520017478444, 243.90275554160286]}]}, "29": {"img_name": "0029", "gt": [{"cam_R_m2c": [0.89948899, 0.42911199, 0.0823524, 0.359696, -0.62019497, -0.69712001, -0.248068, 0.65667403, -0.71220899], "cam_t_m2c": [-86.80213086, 72.11551401, 1053.93325477], "obj_bb": [251, 263, 53, 48], "obj_id": 9, "kps": [279.1539670067206, 286.2463609179699, 243.0798305467832, 299.4113014837263, 242.11425049806317, 268.97995794212284, 263.73402729700183, 272.2905671957385, 264.0019305807163, 241.75711360432942, 292.4443462930794, 321.4276423167481, 294.51202926594726, 291.56013820338626, 311.29874981925644, 292.64615487381917, 314.3758742336352, 262.5484671356378]}]}, "30": {"img_name": "0030", "gt": [{"cam_R_m2c": [0.78311598, 0.61643201, 0.0821025, 0.484384, -0.52183801, -0.70218003, -0.39000201, 0.58965802, -0.70725], "cam_t_m2c": [-61.57860775, 12.96592997, 1067.69901332], "obj_bb": [267, 230, 50, 51], "obj_id": 9, "kps": [293.01676898917435, 254.37663675364507, 257.4184391394583, 261.92207432544893, 257.3368509880696, 229.73656503196625, 284.0661562490269, 240.8247685598636, 285.4826714876827, 208.81544693815394, 299.1781016122762, 290.1949890348601, 301.63893455974306, 258.41458620707664, 325.0799672660929, 267.14420173438486, 328.9425076259962, 235.4152439572077]}]}, "31": {"img_name": "0031", "gt": [{"cam_R_m2c": [0.78872699, 0.60735601, 0.0950244, 0.511235, -0.56219703, -0.650056, -0.34139299, 0.56129599, -0.75392097], "cam_t_m2c": [-84.0088857, 92.90342859, 1049.47692754], "obj_bb": [254, 275, 50, 49], "obj_id": 9, "kps": [280.2699847325321, 297.55909164966073, 244.1320265998546, 303.6813064760421, 243.5593008697012, 276.07733379844996, 271.27500918298784, 279.0332299145046, 272.3853730326585, 251.05723103237042, 286.59375736303207, 335.1704549832599, 288.8063412158823, 308.64087935954643, 312.92875180153356, 308.4528024755598, 316.7135452456058, 281.36153999255407]}]}, "32": {"img_name": "0032", "gt": [{"cam_R_m2c": [0.98187101, -0.18872499, 0.0176756, -0.111881, -0.652291, -0.74966598, 0.15301, 0.73409802, -0.66158003], "cam_t_m2c": [-97.9511992, 91.54675233, 1028.68967581], "obj_bb": [242, 272, 58, 51], "obj_id": 9, "kps": [272.39699180485104, 297.7882058822105, 245.24508881621423, 329.01823422443977, 241.43833431709336, 295.9064590786033, 241.70405559855826, 297.5526825615836, 237.91254217715166, 264.53653777453144, 303.09816542431383, 321.2129702090107, 302.7007048481495, 288.1895296833456, 296.60232080028896, 290.61286341710274, 295.8714132471692, 257.72606542974387]}]}, "33": {"img_name": "0033", "gt": [{"cam_R_m2c": [0.96583003, -0.25756899, 0.028819, -0.150428, -0.64765, -0.74694097, 0.211053, 0.71708298, -0.66426498], "cam_t_m2c": [-115.78873678, 59.22551299, 1016.53845497], "obj_bb": [231, 254, 58, 51], "obj_id": 9, "kps": [261.71565377741484, 280.29573594923124, 235.67271979765468, 312.8181268730622, 231.78967736711346, 278.3864878298153, 229.60738329167305, 282.03544097435025, 225.59522807126461, 247.76194126552792, 293.7397549157462, 302.5386805502931, 293.3478400458357, 268.28588053831686, 284.8237481961841, 272.90848606066464, 283.95874164753855, 238.86465446605524]}]}, "34": {"img_name": "0034", "gt": [{"cam_R_m2c": [0.96517801, -0.26095599, 0.0182601, -0.137895, -0.56685603, -0.81219399, 0.222297, 0.781394, -0.58310097], "cam_t_m2c": [-92.32363238, 61.5800202, 1012.27227636], "obj_bb": [244, 254, 58, 53], "obj_id": 9, "kps": [274.62395084777546, 282.3189100309199, 248.54769119067208, 314.376266829841, 245.44051557790198, 275.97309070713806, 241.99151337777388, 286.39762575777104, 238.745488062674, 248.91375989767843, 306.9361858837231, 304.6193623242229, 306.915573534606, 266.63320946830794, 297.2482716568152, 277.78950317939245, 296.7584718351424, 240.73319318801825]}]}, "35": {"img_name": "0035", "gt": [{"cam_R_m2c": [0.94974601, -0.31285599, 0.0101568, -0.168852, -0.53937203, -0.82496399, 0.26357299, 0.78179199, -0.56509298], "cam_t_m2c": [-142.6225982, 53.06712962, 1019.75626356], "obj_bb": [217, 249, 58, 53], "obj_id": 9, "kps": [247.00694650686984, 277.3344744714181, 221.91284734432864, 309.7956376995412, 217.17665594336148, 270.6279528561991, 214.7385980789309, 283.347611490575, 209.94232268314738, 245.25647052418267, 279.9358316690898, 298.13741209415326, 278.2027937755694, 259.49422629993586, 269.71570331411056, 273.00694454766784, 267.60745969823574, 235.44264267724103]}]}, "36": {"img_name": "0036", "gt": [{"cam_R_m2c": [0.935597, -0.353001, 0.0069305, -0.18908601, -0.51753902, -0.83450598, 0.29816899, 0.77945101, -0.550955], "cam_t_m2c": [-144.1470727, 47.37534367, 1044.62319619], "obj_bb": [218, 246, 57, 52], "obj_id": 9, "kps": [248.01857069337, 273.4461700905288, 224.69898180802275, 305.4570354291814, 220.1791565280206, 266.4683298331291, 215.8576472540801, 280.70354351968894, 211.19805986054465, 242.85779173336883, 280.7507596743757, 292.83388766024, 279.0003953210467, 254.45925020482997, 269.12064414454386, 269.4560071952793, 266.9545232848298, 232.21711560376403]}]}, "37": {"img_name": "0037", "gt": [{"cam_R_m2c": [0.98016798, -0.19630601, 0.0270907, -0.0956133, -0.58822399, -0.80302602, 0.173574, 0.78451103, -0.59532797], "cam_t_m2c": [-18.25637339, 25.56238316, 1052.36041117], "obj_bb": [287, 234, 56, 51], "obj_id": 9, "kps": [316.47712163124305, 261.3068755792751, 290.5350265824657, 290.50539117555303, 290.08664508964887, 253.03498477896994, 284.5402226753332, 264.06816127605975, 283.826027709975, 227.48188229548703, 346.5847833675473, 284.25371362437335, 348.9882350992361, 247.1415673990551, 337.64082615431926, 258.58517234579847, 339.4794572615944, 222.35849919460796]}]}, "38": {"img_name": "0038", "gt": [{"cam_R_m2c": [0.97125697, -0.233201, 0.0477216, -0.100161, -0.58226198, -0.80680698, 0.21593501, 0.77883798, -0.588884], "cam_t_m2c": [18.0114374, 52.69419396, 1014.2281695], "obj_bb": [306, 249, 57, 53], "obj_id": 9, "kps": [336.28581211730716, 277.26553722511983, 310.5089985024599, 308.1563945082332, 312.19377968377364, 269.8259268343901, 301.58595264922525, 279.9637106135136, 302.72316132350437, 242.51441898748658, 367.7218414554196, 300.81740818020626, 372.3436506704547, 262.99613470003015, 355.79380618022265, 273.6222406712108, 359.56101266807855, 236.68192149872127]}]}, "39": {"img_name": "0039", "gt": [{"cam_R_m2c": [0.949691, -0.31158301, 0.0316715, -0.176762, -0.61673403, -0.76706898, 0.25853801, 0.72288001, -0.64078301], "cam_t_m2c": [-3.75376602, 2.72274077, 1028.6723192], "obj_bb": [294, 221, 56, 52], "obj_id": 9, "kps": [324.19556472100237, 248.73891551138752, 301.20640658364465, 280.87864180930643, 301.4488603414212, 243.81469083706946, 289.5682353837724, 253.2728579133874, 289.16811811622017, 216.7583281880936, 356.329155673829, 269.7079426892523, 359.63262725277303, 233.0364650263951, 342.1670810740225, 243.3506921923488, 344.5474289715037, 207.25910088284036]}]}, "40": {"img_name": "0040", "gt": [{"cam_R_m2c": [0.93598503, -0.347002, 0.0593397, -0.22126099, -0.71096802, -0.66750902, 0.27381501, 0.61164898, -0.74223399], "cam_t_m2c": [-45.96562943, -85.7168526, 1064.20494953], "obj_bb": [273, 175, 54, 49], "obj_id": 9, "kps": [301.5346157782631, 200.54841335574628, 279.84312470885436, 232.26672910812704, 279.8651821839211, 198.64703312331423, 267.8790196722752, 204.12909191113238, 267.16958891409223, 170.31934620547204, 332.5275112289244, 220.32776831074702, 335.8246360902169, 186.90545444328166, 318.66539484597564, 193.39812624198083, 320.9929150041807, 159.8538943598256]}]}, "41": {"img_name": "0041", "gt": [{"cam_R_m2c": [0.89296597, -0.44820899, 0.0414675, -0.31922099, -0.69553602, -0.64368302, 0.31734699, 0.56155002, -0.76416802], "cam_t_m2c": [-31.42710905, 6.29395123, 1021.76672469], "obj_bb": [280, 224, 55, 51], "obj_id": 9, "kps": [308.6863997715795, 249.66707917086612, 290.0658341234969, 285.7707452061174, 289.7811181937139, 255.50321191234363, 272.768240620542, 254.83537683292468, 271.35658428798234, 223.85350610641305, 342.0455615605802, 266.16854801547925, 345.23027168256556, 235.6157987893809, 323.2049614162167, 236.9510194429464, 325.0539277778813, 205.82854800492765]}]}, "42": {"img_name": "0042", "gt": [{"cam_R_m2c": [0.88883001, -0.45622101, 0.0429347, -0.32347199, -0.691037, -0.64640099, 0.32457101, 0.56065202, -0.76178902], "cam_t_m2c": [-26.58058047, 3.18505282, 1019.81249489], "obj_bb": [282, 222, 55, 52], "obj_id": 9, "kps": [311.32953498367345, 247.96579732463871, 292.98051162636074, 284.2082535705855, 292.97918477563576, 253.6129013129135, 275.18477785781147, 253.45662210782805, 274.012289649608, 222.17597431377104, 344.7368852320273, 264.35132947481634, 348.1748832868484, 233.4920366453319, 325.4353510966935, 235.34480021835276, 327.49955004522, 203.94507982575573]}]}, "43": {"img_name": "0043", "gt": [{"cam_R_m2c": [0.88381898, -0.46503499, 0.0510515, -0.35748899, -0.741723, -0.56749302, 0.30177, 0.48331001, -0.82179397], "cam_t_m2c": [-78.5927352, 68.77495298, 1047.48005104], "obj_bb": [255, 260, 54, 48], "obj_id": 9, "kps": [283.5237966792162, 282.72850681886035, 265.77731347854814, 318.9085255218906, 264.0541830855528, 295.916939523821, 248.8473904601019, 285.92618928283395, 246.01333551682606, 261.49389393406517, 316.44316049183703, 296.8340083518625, 318.30904499484126, 273.02002929349544, 298.29408645290937, 265.5213064534688, 298.87218939118355, 240.45172177833774]}]}, "44": {"img_name": "0044", "gt": [{"cam_R_m2c": [0.85628599, -0.51499498, 0.0394257, -0.404064, -0.71547198, -0.56993997, 0.321724, 0.472101, -0.82073998], "cam_t_m2c": [-42.10048111, 66.98498322, 1007.89861006], "obj_bb": [274, 260, 54, 50], "obj_id": 9, "kps": [302.43645451690026, 283.2571527401532, 286.3232116670149, 321.8232108582902, 285.4650025408069, 297.93023708805487, 265.83958731652973, 288.62071448502496, 263.5347085063347, 263.2268790329297, 336.7209929807263, 296.0140541769497, 339.5420947907237, 271.0785718256104, 315.1674202799126, 264.7210481885854, 316.3819916761967, 238.5058057212626]}]}, "45": {"img_name": "0045", "gt": [{"cam_R_m2c": [0.82748699, -0.55720103, 0.0692264, -0.38477001, -0.65252, -0.65281701, 0.40892199, 0.51356101, -0.75434601], "cam_t_m2c": [6.59094671, 49.70390443, 970.97604823], "obj_bb": [300, 249, 55, 54], "obj_id": 9, "kps": [329.67881670373623, 275.401197420935, 314.54172016795656, 315.3925349838579, 317.5535276002787, 284.92003873964865, 290.323004667079, 283.56387000344887, 291.5364851317406, 252.18847117397664, 364.22654607133137, 289.33812734416665, 370.5179806159587, 258.4582260724919, 339.1070156561817, 259.80231492135823, 343.48601211425097, 228.2266530440675]}]}, "46": {"img_name": "0046", "gt": [{"cam_R_m2c": [0.81424898, -0.57800502, 0.0539284, -0.36202401, -0.57821101, -0.73117101, 0.453803, 0.57583201, -0.68006003], "cam_t_m2c": [-17.58643557, 49.38677161, 1019.89878675], "obj_bb": [288, 247, 53, 54], "obj_id": 9, "kps": [316.1253080150981, 274.27262994716364, 302.4105097465073, 311.8103687906769, 303.8009841562611, 278.0735140965159, 278.9363048015341, 284.3375501701004, 278.88135252345313, 250.5023357440976, 349.7768596557423, 288.02015889669246, 353.883179380048, 254.49730740319328, 325.3904819555046, 262.7047102997546, 327.94940460788825, 229.20006813579445]}]}, "47": {"img_name": "0047", "gt": [{"cam_R_m2c": [0.814969, -0.57719499, 0.0516784, -0.355129, -0.56790501, -0.74254102, 0.45794001, 0.58679599, -0.667804], "cam_t_m2c": [-20.63121629, 60.82463587, 1033.83124106], "obj_bb": [287, 253, 52, 53], "obj_id": 9, "kps": [314.593162595003, 280.2239821758958, 300.9974536000045, 317.23841379374335, 302.19342312118215, 283.6524540993617, 277.9369940797824, 290.2611181833249, 277.76441467651307, 256.65691080548737, 347.8893042893416, 293.85931807862084, 351.6948987189122, 260.5398489481858, 323.9027165055453, 269.00276957684565, 326.23890092510317, 235.7697605856392]}]}, "48": {"img_name": "0048", "gt": [{"cam_R_m2c": [0.815602, -0.577829, 0.0301152, -0.322584, -0.4973, -0.80537701, 0.48034599, 0.64715201, -0.59199798], "cam_t_m2c": [-9.77789155, 61.05702884, 1053.69475971], "obj_bb": [294, 253, 51, 52], "obj_id": 9, "kps": [320.7808608356152, 280.1589835014907, 307.85373892307285, 315.4402722191609, 308.46113104376343, 278.77744102854683, 284.9340114457612, 291.5706437732034, 284.38103492807346, 255.51623824340575, 353.84320486811083, 294.1229242769611, 356.68977868908803, 258.1968032828015, 329.90140267447885, 272.2593663469424, 331.4894894905922, 236.97352005557298]}]}, "49": {"img_name": "0049", "gt": [{"cam_R_m2c": [0.80380702, -0.59352702, 0.0402458, -0.308889, -0.47422799, -0.82443702, 0.50841099, 0.65025598, -0.56452203], "cam_t_m2c": [-29.61011049, 48.4502222, 1048.2238565], "obj_bb": [283, 246, 51, 53], "obj_id": 9, "kps": [309.9271372082837, 273.6798197047617, 297.0340194172468, 308.5033515557515, 297.65999548398025, 270.1324339710039, 273.80619585478024, 285.72155133169554, 273.3025442137832, 248.16151883696276, 343.1764811027534, 287.9873299410979, 345.9469937234811, 250.63522464846213, 318.97960677573036, 267.2001643936239, 320.53232051045785, 230.66095411532754]}]}, "50": {"img_name": "0050", "gt": [{"cam_R_m2c": [0.81978297, -0.57252097, -0.0132541, -0.26443201, -0.357903, -0.89553398, 0.50796902, 0.73764801, -0.44479501], "cam_t_m2c": [-8.0329187, 57.39278893, 1068.37612998], "obj_bb": [295, 250, 51, 52], "obj_id": 9, "kps": [322.06827061960774, 278.4633634735411, 309.67450818445724, 310.6224721842615, 308.4230155389288, 268.97821205918046, 287.206670374328, 292.4428935572325, 285.2085519560596, 252.40125600908974, 355.5839919888845, 292.67861111501054, 356.06682818215575, 252.4906013130741, 331.8649030318403, 276.2398998256043, 331.50412058844194, 237.5623282047723]}]}, "51": {"img_name": "0051", "gt": [{"cam_R_m2c": [0.85523897, -0.51772898, -0.0228874, -0.25777301, -0.38667199, -0.88545901, 0.44957799, 0.763179, -0.46415401], "cam_t_m2c": [-51.49733884, -16.45150284, 1052.33041495], "obj_bb": [271, 210, 53, 52], "obj_id": 9, "kps": [298.66027976165793, 238.9729392755137, 283.0636929674374, 270.13884237316086, 280.2036746527875, 226.84233628670145, 264.10093581290135, 252.67850461562412, 260.67730365017695, 211.17617789745137, 332.8728430623098, 254.4199775079866, 332.07396852859915, 212.49478549757825, 312.08625240109586, 238.5134111213874, 310.56912964263125, 198.28709937146098]}]}, "52": {"img_name": "0052", "gt": [{"cam_R_m2c": [0.92090601, -0.38821799, 0.0349258, -0.154846, -0.44659701, -0.88123399, 0.35770801, 0.806126, -0.47138801], "cam_t_m2c": [-67.61804876, -28.92280479, 1050.05165991], "obj_bb": [260, 203, 56, 52], "obj_id": 9, "kps": [289.5669506171936, 232.29833231408475, 267.94334482623555, 261.2773733184075, 267.32884916989775, 217.86939044451952, 255.3599957002755, 241.85668416291074, 254.29462717429504, 200.2946203681415, 322.01173776779103, 251.82960063519255, 323.5667727940576, 209.6403509864393, 306.83597893764687, 233.58289073662897, 307.7333662169924, 193.14918655467994]}]}, "53": {"img_name": "0053", "gt": [{"cam_R_m2c": [0.92804199, -0.355822, 0.110132, -0.0956707, -0.513466, -0.85276002, 0.35997999, 0.78086102, -0.51055998], "cam_t_m2c": [-154.41888784, -83.94351105, 1017.19280451], "obj_bb": [208, 171, 58, 53], "obj_id": 9, "kps": [239.42824160271246, 201.06308108455934, 213.19938868993063, 228.993385933423, 213.72704621504914, 184.0950710750937, 204.63905625963383, 208.04319095027486, 204.7629975209029, 164.93005634465163, 271.2815372688378, 223.89468753466423, 274.3719395351783, 180.48510690580963, 259.79042422053607, 203.95154088870981, 262.2205266105062, 162.21890574070744]}]}, "54": {"img_name": "0054", "gt": [{"cam_R_m2c": [0.92791897, -0.35249901, 0.121287, -0.0949586, -0.53813201, -0.83749402, 0.360484, 0.76560998, -0.53281599], "cam_t_m2c": [-175.26409574, -87.1572821, 1007.53862622], "obj_bb": [195, 169, 59, 53], "obj_id": 9, "kps": [226.80504625886627, 198.75599813038843, 199.7691199143109, 227.1617641140047, 200.00361781231075, 182.46733375544878, 191.9109902577316, 205.061719954959, 191.7711048392369, 162.0143400398509, 258.8062505037168, 222.13277625522247, 261.79960890811844, 178.9301816884457, 247.9791842884016, 201.0801651983545, 250.3223351520544, 159.42532506204543]}]}, "55": {"img_name": "0055", "gt": [{"cam_R_m2c": [0.92786199, -0.34887499, 0.131749, -0.0813488, -0.53412902, -0.84148002, 0.363942, 0.77006, -0.52397901], "cam_t_m2c": [-157.81957423, -76.47067224, 1019.4848766], "obj_bb": [207, 176, 57, 52], "obj_id": 9, "kps": [237.5845446735255, 205.26922325206374, 210.90324464336103, 233.10055094683696, 212.30348874411118, 189.05692314434103, 202.694552989942, 211.08059703874738, 203.6462463384713, 168.66085024467927, 268.90785935840086, 228.7049169977826, 272.89510951003007, 186.15845278637482, 257.8152763784368, 207.692450964853, 261.0990072106829, 166.66878015628174]}]}, "56": {"img_name": "0056", "gt": [{"cam_R_m2c": [0.97082102, -0.235259, 0.0464663, -0.0490877, -0.38462499, -0.921767, 0.234726, 0.89258999, -0.384951], "cam_t_m2c": [-117.97583262, 128.06107279, 1028.1699586], "obj_bb": [230, 290, 58, 53], "obj_id": 9, "kps": [260.8857472866052, 319.607026847866, 232.58847748515075, 348.3908872861, 231.78232386754144, 305.0693885800968, 228.81977436546148, 325.4992375646008, 227.94724861422603, 284.34226592774917, 291.5726265225969, 342.965368483348, 292.75315910762083, 300.53626677494043, 284.1546824232916, 320.93127312032783, 285.0269625680969, 280.5850472453793]}]}, "57": {"img_name": "0057", "gt": [{"cam_R_m2c": [0.99209499, -0.119743, 0.0375471, -0.0286888, -0.50769198, -0.86106098, 0.122168, 0.85317701, -0.50711399], "cam_t_m2c": [-55.55137363, 21.51098351, 1037.46088199], "obj_bb": [266, 232, 57, 51], "obj_id": 9, "kps": [295.8535082935056, 259.89143664687293, 266.70170376064755, 286.7931823570538, 265.98161066172247, 245.4348409118652, 265.3771072434942, 263.31268267903386, 264.64741313396127, 223.59577168843498, 324.8598159126012, 284.5761132561575, 326.7043344929401, 243.6538254791189, 320.054393057398, 261.5015725870099, 321.5855373935938, 222.19029535924997]}]}, "58": {"img_name": "0058", "gt": [{"cam_R_m2c": [0.999825, 0.00356037, -0.0183632, -0.0138696, -0.51759303, -0.855515, -0.0125506, 0.85562003, -0.51745301], "cam_t_m2c": [-77.04227853, -8.28892107, 1054.15822368], "obj_bb": [256, 215, 56, 51], "obj_id": 9, "kps": [285.13208811597883, 243.48387642361655, 254.74334137229263, 269.0418236714131, 250.71359136966174, 228.16805778759874, 259.09272149230605, 246.7301327695539, 255.49436994251892, 207.4681196629511, 311.9809323579438, 268.2789161896729, 310.4885833142093, 227.317592357079, 312.916475662554, 245.9864225118372, 311.55595700109336, 206.64508373539624]}]}, "59": {"img_name": "0059", "gt": [{"cam_R_m2c": [0.991853, 0.126295, 0.0166418, 0.0780367, -0.49913999, -0.86300099, -0.100686, 0.85726798, -0.50492901], "cam_t_m2c": [-69.46628947, 11.86353712, 1071.1566576], "obj_bb": [261, 227, 55, 50], "obj_id": 9, "kps": [289.5379880471962, 254.35999333936033, 257.0704163062039, 276.5674957436351, 254.98121443037473, 236.5070898125177, 266.01738857844816, 254.95225311023472, 264.41145996131314, 216.47560292096358, 312.6232933506173, 281.3449650987368, 312.8898354564281, 241.07241854511153, 318.36484306211764, 259.24404733432567, 318.8455537564659, 220.56427262772263]}]}, "60": {"img_name": "0060", "gt": [{"cam_R_m2c": [0.93783498, 0.34625101, -0.024008, 0.20762201, -0.61509198, -0.76062799, -0.278135, 0.708359, -0.64874399], "cam_t_m2c": [18.11799086, -148.66174986, 1008.82075359], "obj_bb": [307, 135, 57, 53], "obj_id": 9, "kps": [336.9569582938229, 163.95272381215844, 301.09302876841014, 184.28183104314692, 298.4887070516829, 142.34639288057602, 316.54628782732044, 161.8984311057698, 314.9214076814895, 120.99431686453559, 356.74762267094303, 195.09754368165395, 357.35759916429214, 152.50537182109596, 369.7208461175684, 171.5296061846911, 371.02283772357777, 129.9688695650981]}]}, "61": {"img_name": "0061", "gt": [{"cam_R_m2c": [0.93309301, 0.35963601, -0.00033351, 0.230112, -0.59774899, -0.76794797, -0.27638099, 0.71648997, -0.64051199], "cam_t_m2c": [15.95072457, -142.39809272, 1020.21500506], "obj_bb": [306, 140, 56, 53], "obj_id": 9, "kps": [335.4460471355791, 168.39086393061282, 299.43112508159004, 187.49963284377122, 297.9668987612363, 145.9043310146123, 315.3673841120252, 165.92374173335395, 314.8268407900857, 125.41319648850174, 354.1617074567676, 199.64159339034933, 355.8132746994925, 157.48448045613793, 367.67044864198965, 176.84403172493813, 369.96799031180933, 135.7671131734155]}]}, "62": {"img_name": "0062", "gt": [{"cam_R_m2c": [0.933007, 0.359732, -0.00954643, 0.224187, -0.60179698, -0.76653802, -0.28149399, 0.713045, -0.64212799], "cam_t_m2c": [7.13355339, -153.92809039, 1022.12543231], "obj_bb": [301, 133, 57, 53], "obj_id": 9, "kps": [330.59290235931985, 162.0882543983344, 294.8406158333964, 181.4703670527562, 292.6584255799332, 139.69497538527696, 310.97566007626597, 160.0630852472732, 309.7659125678385, 119.37533964844827, 349.3181456087814, 193.03291181710387, 350.21651560669346, 150.63612044016844, 363.06966913371315, 170.43274365285032, 364.66990691971085, 129.12422185764333]}]}, "63": {"img_name": "0063", "gt": [{"cam_R_m2c": [0.871665, 0.48971701, -0.0194139, 0.308, -0.57817298, -0.75554699, -0.38122901, 0.652605, -0.65480697], "cam_t_m2c": [34.12208852, -170.22855765, 1037.37004378], "obj_bb": [317, 126, 54, 52], "obj_id": 9, "kps": [345.3018119245143, 154.33749818698078, 309.32456389864194, 170.86684097108963, 307.48524071043977, 129.89709348202965, 329.58757316754753, 150.99071680366671, 328.9146817216439, 110.92597119172058, 359.77289791187275, 186.17128530741638, 360.7937997369165, 144.4005659194618, 378.40926315428885, 164.8341464976532, 380.4100025529147, 123.963015348332