{"class": 10, "diam": 164.62758848, "obj_name": "eggbox", "img_path": "../../dataset/Linemod_preprocessed/data/10/rgb", "depth_path": "../../dataset/Linemod_preprocessed/data/10/depth", "mask_path": "../../dataset/Linemod_preprocessed/data/10/mask", "trainlist": "../../dataset/Linemod_preprocessed/data/10/train.txt", "testlist": "../../dataset/Linemod_preprocessed/data/10/test.txt", "gt_num": 1253, "0": {"img_name": "0000", "gt": [{"cam_R_m2c": [-0.15476599, 0.98667699, 0.0501537, 0.95558298, 0.16239101, -0.245947, -0.250815, 0.00986167, -0.96798497], "cam_t_m2c": [-35.3475403, -87.12503172, 958.33263178], "obj_bb": [268, 146, 72, 89], "obj_id": 10, "kps": [304.50716826806087, 190.0280556170311, 280.8994103920704, 151.73306263979825, 279.85447552717244, 134.95786745557734, 340.7498668858918, 161.69009264549703, 343.9547017504481, 145.64047735879333, 265.49978757661887, 232.8792148784254, 263.2714568882335, 221.41281774908015, 327.6827051580435, 243.13349200647463, 330.05456858562366, 232.43861853268936]}]}, "1": {"img_name": "0001", "gt": [{"cam_R_m2c": [-0.14647301, 0.98921102, 0.00287398, 0.90154099, 0.13468599, -0.411199, -0.40714899, -0.0576384, -0.91154099], "cam_t_m2c": [105.21429218, -56.10151273, 1052.18425564], "obj_bb": [351, 173, 63, 78], "obj_id": 10, "kps": [382.84637914349764, 211.54679420193708, 357.6129434796875, 182.10752170701662, 359.6577783796801, 163.02921692137602, 412.35347858737885, 189.21838778709576, 417.70677433589725, 170.45595305676474, 347.56454521427355, 252.16144600225107, 349.0966801111992, 236.36058965362304, 405.4336260868479, 260.09811238094767, 410.67606162495946, 244.70599995229722]}]}, "2": {"img_name": "0002", "gt": [{"cam_R_m2c": [-0.175483, 0.98447901, 0.00246469, 0.89255601, 0.160153, -0.42153901, -0.415391, -0.0717731, -0.90680701], "cam_t_m2c": [107.21688293, -45.40241317, 1014.50072417], "obj_bb": [352, 176, 67, 82], "obj_id": 10, "kps": [386.11197872804183, 216.47094464882107, 361.0602678001719, 185.58674882579385, 363.3639414982666, 165.66169164733046, 417.5382999338555, 194.34699038521032, 423.368973293954, 174.814742831686, 348.44180560557436, 257.61464806033166, 350.0668753847762, 241.12090361883136, 408.3094537443732, 267.46312411417625, 413.91259384360086, 251.48792274651302]}]}, "3": {"img_name": "0003", "gt": [{"cam_R_m2c": [-0.215441, 0.976515, -0.00200149, 0.875404, 0.192224, -0.44352901, -0.43272799, -0.0973065, -0.896258], "cam_t_m2c": [133.44981546, -22.57550056, 936.64334584], "obj_bb": [370, 185, 74, 89], "obj_id": 10, "kps": [407.20257449055663, 228.33463147187956, 380.72543848403734, 194.55602775666645, 384.29018054796967, 172.75850750828909, 441.4611221390257, 205.92396485814675, 449.1059255026212, 184.63921473147477, 364.8635490821428, 271.4626728626106, 367.57133420704474, 253.48613890088998, 429.6659192769785, 284.48667632286276, 437.039773118969, 267.22559256025875]}]}, "4": {"img_name": "0004", "gt": [{"cam_R_m2c": [-0.22464301, 0.97437799, -0.0111234, 0.87440598, 0.19653, -0.443611, -0.43005899, -0.10938, -0.89614999], "cam_t_m2c": [139.32839213, -24.48077614, 922.07830231], "obj_bb": [374, 183, 76, 90], "obj_id": 10, "kps": [412.1455300524992, 226.933752121178, 385.5577782382115, 192.68853679709633, 389.1098317496351, 170.43206459622206, 447.2465557641171, 204.42034543301156, 455.0160143704857, 182.67319908633138, 368.92015115759176, 270.53161429974085, 371.54351914955123, 252.1990973509273, 434.7506817168372, 284.08802292749385, 442.1993982360107, 266.4900285775909]}]}, "5": {"img_name": "0005", "gt": [{"cam_R_m2c": [-0.228411, 0.97345698, -0.014514, 0.87756801, 0.19941001, -0.43601599, -0.42154801, -0.112328, -0.899822], "cam_t_m2c": [139.8104938, -43.88751968, 903.12178385], "obj_bb": [375, 169, 78, 92], "obj_id": 10, "kps": [414.27441768902474, 214.28883848024108, 387.30449504694076, 179.86909823187855, 390.92170691184737, 156.57366751135763, 450.2374616499471, 191.84817994529618, 458.2714448103555, 169.07209433841405, 370.01706867124034, 258.7330257504218, 372.63220311102225, 239.50076859312054, 437.1618793394763, 272.61588054790866, 444.8290382227528, 254.14312669891217]}]}, "6": {"img_name": "0006", "gt": [{"cam_R_m2c": [-0.25878999, 0.96302497, 0.0749023, 0.90191299, 0.26867101, -0.33818501, -0.34580499, -0.0199637, -0.93809402], "cam_t_m2c": [52.62955398, -118.62976251, 807.98200884], "obj_bb": [317, 106, 91, 105], "obj_id": 10, "kps": [362.9724958674982, 157.99439010990704, 337.0799357990336, 117.06470820049613, 341.735665293158, 90.21335243745177, 405.3175676123764, 135.82373815353247, 415.52340578530794, 110.42301902438633, 310.553789274951, 204.36790544282044, 313.2361653614048, 183.2136265357703, 383.07847563344006, 224.55406781993153, 392.062481350872, 205.09120479105633]}]}, "7": {"img_name": "0007", "gt": [{"cam_R_m2c": [-0.35395801, 0.91165298, 0.208813, 0.84977502, 0.40674001, -0.33532801, -0.39063501, 0.058752, -0.91866899], "cam_t_m2c": [-35.54882768, -118.16407141, 711.30248046], "obj_bb": [241, 88, 110, 120], "obj_id": 10, "kps": [297.09575048523504, 147.01009931155673, 276.8918210681109, 98.79188272337322, 284.2597557464642, 67.00710360266324, 349.32778614820097, 132.16168570990496, 363.10224546706587, 103.63909890949046, 230.07896737328895, 189.97362960817017, 233.51269402699992, 164.271112182333, 308.85333245569865, 225.2740627322698, 319.9239178465782, 203.25609310225462]}]}, "8": {"img_name": "0008", "gt": [{"cam_R_m2c": [-0.54214901, 0.83158499, -0.120587, 0.65616, 0.329326, -0.67896903, -0.52490699, -0.447227, -0.72419697], "cam_t_m2c": [105.08111879, 3.8207785, 1071.29220297], "obj_bb": [343, 209, 78, 75], "obj_id": 10, "kps": [381.6488142614735, 244.1904915952386, 377.30673274728787, 222.4753549278378, 375.3513837693901, 197.28866759811945, 425.39013973382305, 239.82344280257846, 425.61760504319017, 214.32009057980008, 337.98342977958026, 273.34034137862966, 333.96550869993405, 248.7018527389859, 387.91338081591533, 294.3702755095683, 386.2470686569019, 269.60427594642704]}]}, "9": {"img_name": "0009", "gt": [{"cam_R_m2c": [-0.55471802, 0.823044, -0.122013, 0.660245, 0.346187, -0.66650701, -0.50632501, -0.45028099, -0.73544699], "cam_t_m2c": [116.08542188, -1.01951702, 1020.81080032], "obj_bb": [349, 204, 83, 79], "obj_id": 10, "kps": [390.6082455190142, 241.58347142024977, 386.1486915156378, 218.21515278618608, 384.5076815531728, 192.03595244373105, 436.4990429813518, 237.18537024280116, 437.3201167125262, 210.71271618910583, 344.4406663500571, 271.5513648928269, 340.5084197184611, 246.11122091353022, 396.63815375722527, 294.6003339502584, 395.3510293403885, 269.1035736974169]}]}, "10": {"img_name": "0010", "gt": [{"cam_R_m2c": [-0.65111798, 0.75870299, -0.02036, 0.58182198, 0.48173401, -0.65529799, -0.487369, -0.43852201, -0.75509602], "cam_t_m2c": [107.14074177, -5.83782815, 922.65799064], "obj_bb": [344, 198, 96, 86], "obj_id": 10, "kps": [391.98888668206007, 238.58271535358418, 391.14508273498325, 212.1263154101854, 393.90249110391426, 183.2848205234616, 442.7036112049885, 241.42261968379802, 448.5668263906488, 212.7762360313243, 336.4762590500676, 263.3498155677297, 336.22655503332277, 235.15027792285017, 389.3927806925292, 297.7652951230274, 392.4367431481708, 270.13396693121433]}]}, "11": {"img_name": "0011", "gt": [{"cam_R_m2c": [-0.75111902, 0.65650803, 0.0694142, 0.52109998, 0.65416002, -0.54820597, -0.40530899, -0.37559599, -0.83345801], "cam_t_m2c": [94.06939996, -105.2373862, 816.43256055], "obj_bb": [335, 122, 112, 95], "obj_id": 10, "kps": [391.458437920715, 168.34278127197598, 397.41491585028757, 139.34341513210313, 405.66572719686906, 106.29449215189236, 447.8345872733008, 181.47075705440895, 460.1479530493226, 149.8029938464776, 325.3400615314681, 185.616867048861, 328.88558321371795, 153.41542513716237, 375.9742352429148, 233.3124428464331, 383.67788226323137, 203.08846672217535]}]}, "12": {"img_name": "0012", "gt": [{"cam_R_m2c": [-0.74826097, 0.64330602, 0.16205899, 0.496672, 0.70517498, -0.50600898, -0.43979901, -0.29813701, -0.84716702], "cam_t_m2c": [19.11267237, -130.46227745, 715.93674371], "obj_bb": [276, 85, 128, 108], "obj_id": 10, "kps": [340.79441751512076, 137.80177582372656, 350.6652642792995, 106.2894289284237, 361.42299058711325, 68.14397035237789, 403.4505407572726, 157.41491161825786, 419.0965616843589, 121.80082424308807, 264.6341349796238, 152.72842891132004, 268.91588834825865, 114.88843175072549, 318.4824173573922, 210.83295696770654, 327.9324113456848, 176.44389879167394]}]}, "13": {"img_name": "0013", "gt": [{"cam_R_m2c": [0.15769701, 0.98042297, -0.117912, 0.83051503, -0.19627599, -0.52126902, -0.53420699, -0.0157254, -0.84520698], "cam_t_m2c": [84.73036401, -16.66941679, 1067.45472105], "obj_bb": [340, 195, 65, 78], "obj_id": 10, "kps": [371.0473764288362, 233.04284278648606, 337.5786940924912, 216.5990041522755, 333.9160656828391, 196.03510905893586, 390.4945039900468, 205.9500018915963, 389.7003109197975, 184.7755628416442, 351.33359975203604, 282.32348534696865, 348.18265513985546, 263.95854503635303, 408.2925439946886, 270.9700621748667, 408.4789434324149, 251.90783198074928]}]}, "14": {"img_name": "0014", "gt": [{"cam_R_m2c": [0.138226, 0.98021603, -0.14166901, 0.82542598, -0.193066, -0.530469, -0.54732502, -0.0436125, -0.835783], "cam_t_m2c": [102.28856563, -3.11001141, 1038.66912198], "obj_bb": [351, 202, 66, 79], "obj_id": 10, "kps": [381.99165885096465, 240.28251931416227, 348.1027645911402, 223.26190991716308, 344.02637533580287, 202.2256715115397, 402.5014410638897, 212.46543510760128, 401.4093742239464, 190.7396053127689, 361.4775489337999, 290.87118411283643, 357.8532143445617, 272.0836561021752, 420.3032430879953, 279.51645650669417, 420.18441195099314, 259.95810991449383]}]}, "15": {"img_name": "0015", "gt": [{"cam_R_m2c": [-0.106957, 0.98920399, -0.100176, 0.80390698, 0.0267523, -0.594154, -0.58505899, -0.144081, -0.79808903], "cam_t_m2c": [191.32412164, 38.77160306, 886.7809573], "obj_bb": [413, 224, 72, 90], "obj_id": 10, "kps": [449.1935024802012, 267.15908438758515, 414.0591422678418, 240.58971292207104, 415.08749209819837, 214.593424343457, 479.2781151916521, 242.2943500081578, 484.3493932748759, 215.9553457562699, 412.47360175533527, 319.29859854492895, 413.50528068566774, 295.8120034317698, 484.30634574717004, 322.58427049122105, 490.2735473634916, 298.87381262493324]}]}, "16": {"img_name": "0016", "gt": [{"cam_R_m2c": [-0.171427, 0.982885, -0.0674564, 0.81316602, 0.102505, -0.57293397, -0.55621302, -0.15307, -0.81682098], "cam_t_m2c": [191.40235344, 13.29170766, 864.76332788], "obj_bb": [414, 206, 75, 93], "obj_id": 10, "kps": [452.3969809944048, 250.92760805429083, 418.733904624003, 221.7197051001603, 421.68164379888964, 194.75389918091338, 485.40021072700404, 228.1540454594395, 492.73710608470896, 201.09852537000737, 410.6720593421826, 301.2444174612523, 413.3585966077669, 277.0748909180169, 483.78711551537407, 309.8622967511792, 491.78724928582164, 285.8088136565894]}]}, "17": {"img_name": "0017", "gt": [{"cam_R_m2c": [-0.181389, 0.97030699, -0.160009, 0.68820101, 0.00901909, -0.72546399, -0.702479, -0.24171001, -0.669402], "cam_t_m2c": [55.05856506, 28.58462331, 1064.24955259], "obj_bb": [323, 224, 63, 71], "obj_id": 10, "kps": [355.1806540085243, 257.4436476673926, 336.31666073640906, 242.81462130097478, 331.0495489879435, 216.81437128482494, 389.3288274247444, 243.32358641880842, 386.2088578650494, 216.72260221635935, 322.5452228182755, 299.47993590857726, 316.08561951470705, 273.3632231989201, 380.6824491632574, 301.47682065695284, 376.814133557318, 274.7620117120933]}]}, "18": {"img_name": "0018", "gt": [{"cam_R_m2c": [-0.231583, 0.96191603, -0.14521299, 0.69203401, 0.0579867, -0.71953201, -0.68370903, -0.267124, -0.67910701], "cam_t_m2c": [71.78958017, 20.21491831, 996.7674287], "obj_bb": [331, 218, 70, 76], "obj_id": 10, "kps": [366.8135077987222, 253.68739335023187, 347.7736207745275, 236.79601907283453, 343.2526187920845, 209.05212887899734, 404.14324224130957, 240.02211265049965, 402.1178637066727, 211.64292305115913, 329.87670099818394, 296.87648220048624, 323.960953983153, 269.1072869032614, 391.77333331033975, 302.2496797632489, 388.87794500812157, 273.88375196378405]}]}, "19": {"img_name": "0019", "gt": [{"cam_R_m2c": [-0.3179, 0.94010299, -0.12307, 0.68721998, 0.139045, -0.71301901, -0.653198, -0.31124499, -0.69025999], "cam_t_m2c": [79.05382628, 8.38455197, 923.12415307], "obj_bb": [334, 208, 80, 84], "obj_id": 10, "kps": [374.6222418545256, 247.2946511731161, 357.3966948238013, 227.33541793265348, 353.9333516756564, 197.26034360459664, 417.3214198268633, 235.5537505962367, 416.8085002569117, 204.82442765639718, 330.96371370076315, 290.48054588899976, 325.65100057620754, 260.48348013166884, 396.5592280443774, 302.0015041331602, 394.7954137629767, 271.4656832229659]}]}, "20": {"img_name": "0020", "gt": [{"cam_R_m2c": [-0.44927499, 0.89339298, 0.00062115, 0.67920703, 0.34201601, -0.64938599, -0.58037001, -0.29133099, -0.76045799], "cam_t_m2c": [66.08636854, -72.11915361, 822.85977596], "obj_bb": [322, 147, 98, 96], "obj_id": 10, "kps": [371.5956697530885, 191.8864147676637, 358.01148020775855, 166.939720017268, 360.0555077134618, 132.17897425860798, 421.6005551701476, 188.21486575727008, 427.7828339573702, 153.49767360003278, 314.4554101112563, 230.21413860479535, 313.74711797722097, 195.84619513021494, 383.3404910859533, 256.3350484145976, 387.52138756456014, 222.37846571132312]}]}, "21": {"img_name": "0021", "gt": [{"cam_R_m2c": [-0.106203, 0.93499798, -0.338377, 0.86065799, -0.0839909, -0.50220799, -0.49798501, -0.34456301, -0.79579401], "cam_t_m2c": [38.53676121, -109.93028202, 737.90229845], "obj_bb": [311, 103, 86, 109], "obj_id": 10, "kps": [355.56006481761426, 156.5380066590689, 330.9547104081095, 135.424446167727, 313.8602010618856, 101.72496511075349, 404.2806888220196, 123.83328324158701, 391.86150912803834, 87.55323360175178, 319.29482212918793, 224.0559607053279, 299.4219429218349, 193.77473052081004, 399.74279129833644, 215.85126991672178, 385.52245628111154, 183.17237814087943]}]}, "22": {"img_name": "0022", "gt": [{"cam_R_m2c": [-0.0889858, 0.94694102, -0.308842, 0.83193398, -0.0998388, -0.54581797, -0.54769301, -0.305507, -0.77890903], "cam_t_m2c": [-1.48776907, -82.69152414, 717.26702227], "obj_bb": [278, 122, 89, 111], "obj_id": 10, "kps": [324.48280935161085, 175.8542178763748, 300.40728609637455, 155.5383178415783, 282.24529127535516, 120.31048136026989, 374.82280114686745, 143.88487224221592, 361.4425836115164, 106.16654412801589, 286.9330117297052, 245.25544016200556, 265.43439303128997, 212.9441154410379, 369.61977754938454, 236.47973280880316, 354.0569324151363, 201.75021890094146]}]}, "23": {"img_name": "0023", "gt": [{"cam_R_m2c": [-0.61564797, 0.78609002, -0.0551367, 0.69675303, 0.51032501, -0.50408602, -0.368119, -0.34875599, -0.86189198], "cam_t_m2c": [103.90360134, -45.25605627, 1067.0364654], "obj_bb": [340, 180, 83, 78], "obj_id": 10, "kps": [381.22368825568725, 217.89477420062533, 380.31841672265836, 188.14005315952363, 381.3340263493891, 166.69413928951346, 425.74622402716557, 214.66136140179876, 429.38951188344714, 193.96284050787284, 334.4671876336262, 240.57013349128363, 332.8761822397642, 221.01417382526344, 380.6558151617056, 270.3507952483595, 381.7866858771902, 251.85145844270303]}]}, "24": {"img_name": "0024", "gt": [{"cam_R_m2c": [-0.60630798, 0.792817, -0.0619102, 0.69546002, 0.49087599, -0.524764, -0.38565099, -0.361224, -0.84899402], "cam_t_m2c": [111.82278964, -20.47499445, 1016.93988078], "obj_bb": [346, 191, 86, 82], "obj_id": 10, "kps": [388.44465060396203, 230.6780754995624, 386.46951268482803, 199.70508934471457, 387.5742964240381, 177.1823139154504, 434.729167155632, 226.70382274762972, 438.72183134971203, 204.8990789235542, 339.6121649204109, 255.12588885360353, 337.96567246657975, 234.60065406999016, 388.85654712773595, 285.83922868847174, 390.2243515042016, 266.3910504361215]}]}, "25": {"img_name": "0025", "gt": [{"cam_R_m2c": [-0.63328803, 0.771442, -0.0618381, 0.67399502, 0.51048899, -0.53397697, -0.38036501, -0.37983999, -0.843234], "cam_t_m2c": [115.04311844, -22.53328952, 919.19019392], "obj_bb": [349, 185, 96, 90], "obj_id": 10, "kps": [397.16299305564087, 228.18678336617245, 396.11099555965166, 194.89447489535922, 397.90647376905054, 169.3751185899812, 448.5502927078125, 225.66339711975073, 453.8357506149771, 200.98858425193816, 342.50843033682315, 253.78380991602802, 340.8709154307393, 230.51057413425545, 395.8543610018901, 289.1695757846145, 397.84078843462646, 267.22734192766757]}]}, "26": {"img_name": "0026", "gt": [{"cam_R_m2c": [-0.50598502, 0.84913701, -0.151476, 0.78053302, 0.37602201, -0.499376, -0.36708, -0.37090799, -0.85304099], "cam_t_m2c": [84.4086991, -70.33800546, 815.42989254], "obj_bb": [334, 144, 102, 102], "obj_id": 10, "kps": [384.83668993663196, 192.73518974534616, 377.9796389486471, 157.340818635243, 374.51179026230636, 127.53714345945863, 441.4721013354646, 180.47899031559788, 442.5562745241114, 150.90593562015934, 329.4976034984752, 232.06867775646015, 322.10422102186556, 205.82555864970078, 394.96471411861523, 260.52747863916534, 392.41000318226355, 235.1492447267082]}]}, "27": {"img_name": "0027", "gt": [{"cam_R_m2c": [0.198644, 0.95139498, -0.235348, 0.77899998, -0.29898801, -0.55114901, -0.59472698, -0.0738534, -0.80052799], "cam_t_m2c": [93.56230473, -44.90913462, 1067.77912736], "obj_bb": [345, 180, 66, 78], "obj_id": 10, "kps": [375.75064104423643, 217.82645397665934, 343.20144993529937, 207.79951919730746, 335.54676121996835, 185.9498728384458, 394.64820106058113, 191.39993035215207, 389.57606495181864, 168.54932359651684, 360.91051228546416, 268.51791287389227, 353.5539144966955, 248.08318996870358, 416.8804195127244, 251.17777739279472, 412.59429049586794, 229.6106203053885]}]}, "28": {"img_name": "0028", "gt": [{"cam_R_m2c": [0.291668, 0.93011898, -0.223176, 0.77332801, -0.36661401, -0.51726002, -0.56293303, -0.0217206, -0.826217], "cam_t_m2c": [39.53736817, -69.43812538, 1011.84712019], "obj_bb": [314, 163, 72, 82], "obj_id": 10, "kps": [347.97293956232534, 202.55856787696393, 312.35704934466963, 194.4367947325015, 303.02237249507516, 171.77466111593256, 365.0382157685885, 173.51669472081682, 358.62450413172354, 149.63475381461163, 336.35580892040264, 257.0682635315426, 327.6407271225782, 236.1756269531212, 393.5601546423337, 234.5203046690916, 388.30567447366116, 212.20341577584065]}]}, "29": {"img_name": "0029", "gt": [{"cam_R_m2c": [-0.39930299, 0.91305202, -0.0830249, 0.78321302, 0.29263699, -0.548581, -0.476587, -0.28407601, -0.83196503], "cam_t_m2c": [100.8219965, -63.73446988, 1069.70160733], "obj_bb": [343, 171, 73, 77], "obj_id": 10, "kps": [379.49554168628845, 207.97204214646445, 367.4877426379856, 182.56014616748115, 366.70183373453114, 159.46842707848919, 418.64229860304005, 197.00304419527544, 420.61002811727946, 174.03343109978343, 338.4462041984419, 241.1997511485537, 335.9655005594583, 219.79888000704378, 392.25283587697146, 258.3323007962334, 392.82713370976876, 237.27084242387144]}]}, "30": {"img_name": "0030", "gt": [{"cam_R_m2c": [-0.40534499, 0.90995198, -0.0876515, 0.76775098, 0.286809, -0.57297403, -0.49623999, -0.29954699, -0.81487298], "cam_t_m2c": [86.7186444, -48.74332961, 1019.35730659], "obj_bb": [336, 176, 77, 81], "obj_id": 10, "kps": [374.2501066999498, 214.72003738160976, 362.4254188514351, 188.9502961153184, 361.1069130883703, 164.2946126244131, 415.72263410763344, 203.8374295666117, 417.33278930433875, 179.23031487725098, 331.1720170085462, 249.53230749530888, 327.9340993458232, 226.50633386361648, 387.4560451350178, 267.48964884565163, 387.493570316253, 244.75655004621504]}]}, "31": {"img_name": "0031", "gt": [{"cam_R_m2c": [-0.324653, 0.944031, -0.0583557, 0.73894399, 0.214644, -0.63866198, -0.59039098, -0.25046501, -0.76727098], "cam_t_m2c": [8.61613455, 23.43469038, 927.17173038], "obj_bb": [289, 215, 83, 88], "obj_id": 10, "kps": [330.90727891273497, 256.6336204534382, 316.4748813848796, 229.89408757552883, 313.5743922964537, 202.75362578375993, 374.99755689839805, 242.95077631682707, 375.35121242849124, 215.77359447527232, 285.3865747134805, 297.7042693594885, 280.2912585023379, 271.9390954082645, 348.77014591978497, 314.08272373992037, 347.50785652567566, 288.5301015172396]}]}, "32": {"img_name": "0032", "gt": [{"cam_R_m2c": [-0.0973713, 0.94472897, -0.31305799, 0.84092999, -0.0901421, -0.53358299, -0.53231102, -0.315216, -0.78567398], "cam_t_m2c": [-6.04114257, -47.9181532, 728.78863275], "obj_bb": [275, 151, 88, 109], "obj_id": 10, "kps": [320.9131585415623, 204.29534600417495, 298.1703859414546, 180.11745017458466, 279.8673550515732, 147.7346409086273, 371.3189095082123, 170.32856715848482, 357.654593972749, 135.70270877904113, 283.79376411715884, 272.2016251448159, 262.1814221585883, 243.386503501907, 364.61258230858965, 265.73886833569077, 348.6880917213924, 234.8699840120772]}]}, "33": {"img_name": "0033", "gt": [{"cam_R_m2c": [0.0338803, 0.95944899, -0.279838, 0.88251197, -0.160134, -0.44218799, -0.46906799, -0.231979, -0.85215098], "cam_t_m2c": [-58.62950761, -36.53770739, 682.28068989], "obj_bb": [230, 152, 88, 121], "obj_id": 10, "kps": [276.50442528629065, 211.28390494844493, 247.73720609246715, 182.43901307426188, 225.37140807974123, 152.344779080694, 325.1683944972219, 167.0353839321496, 308.74297042038114, 134.48935010767377, 244.03795099069308, 286.6824408097066, 218.82462645241762, 262.9864792445815, 329.5440843864172, 273.5436692154925, 311.63315106036026, 247.59394965082305]}]}, "34": {"img_name": "0034", "gt": [{"cam_R_m2c": [-0.0875067, 0.96871001, -0.23225699, 0.89687598, -0.0248561, -0.44158301, -0.433539, -0.246948, -0.866638], "cam_t_m2c": [14.97809353, -67.18301195, 790.35428741], "obj_bb": [296, 143, 80, 101], "obj_id": 10, "kps": [336.5104783669944, 193.30538434895385, 310.54180922849736, 163.96488689090216, 298.02682324408346, 136.39727261468164, 380.7865218689936, 159.68804066660212, 373.2533801316129, 130.85634772154444, 299.9539698439062, 254.06720537081387, 285.4819299329053, 231.37376094071593, 375.7419753173386, 252.5066806553877, 367.0988037113976, 228.84244581561592]}]}, "35": {"img_name": "0035", "gt": [{"cam_R_m2c": [-0.35046601, 0.93614799, -0.0282987, 0.83619201, 0.299151, -0.459665, -0.42184901, -0.18476, -0.88764101], "cam_t_m2c": [-83.99296005, 12.68182109, 973.38149884], "obj_bb": [235, 207, 82, 87], "obj_id": 10, "kps": [276.1539225241839, 249.6695338712719, 266.79004107669255, 214.50723010301442, 261.9991138054566, 194.2391272738649, 321.59143475009745, 231.88469445447288, 320.19460922252006, 212.3082675611585, 232.34823350469514, 286.0576707947215, 224.92893352715285, 269.1706375995603, 290.04880792098436, 306.04950980126245, 286.4022929939057, 290.1553383686379]}]}, "36": {"img_name": "0036", "gt": [{"cam_R_m2c": [-0.30140799, 0.95120901, 0.0659894, 0.87414402, 0.303303, -0.37931401, -0.380822, -0.056644, -0.922912], "cam_t_m2c": [-213.50516427, -15.79953499, 1031.8259681], "obj_bb": [168, 193, 77, 83], "obj_id": 10, "kps": [207.09266823116448, 233.41614074918482, 197.714792102179, 197.77901293311155, 192.34862286821615, 180.43209717669637, 250.52365461270594, 214.63218150535397, 248.4167122268394, 198.23292724485003, 165.7309240307464, 267.86870367917004, 157.95197141357298, 254.10058712812045, 221.27809594608763, 286.0676072568274, 217.11650398049747, 273.41436573478927]}]}, "37": {"img_name": "0037", "gt": [{"cam_R_m2c": [-0.51394802, 0.85314, 0.0894916, 0.785483, 0.50997102, -0.35063601, -0.34478, -0.109915, -0.932226], "cam_t_m2c": [-125.05190127, -43.02097669, 913.07512468], "obj_bb": [199, 169, 96, 94], "obj_id": 10, "kps": [247.1261373783896, 215.26235900141836, 246.04076999938977, 173.2715546410112, 244.3240869067056, 153.14726722068954, 299.24129639776777, 204.8769628590831, 301.31434755335636, 186.75448173192032, 193.86032742711564, 242.54451980897468, 188.12751149799476, 226.40425470576824, 249.40399955606316, 276.83370713384846, 247.81451754993435, 263.07660023292334]}]}, "38": {"img_name": "0038", "gt": [{"cam_R_m2c": [-0.39427999, 0.91877198, -0.0200146, 0.85786498, 0.360158, -0.36654299, -0.329561, -0.16169, -0.93018597], "cam_t_m2c": [-84.93728574, -34.58200038, 815.08308928], "obj_bb": [216, 166, 99, 106], "obj_id": 10, "kps": [265.937632430173, 217.92079736274601, 257.7788079471542, 173.2790564822883, 251.48243115598203, 150.01938832071997, 321.6489802356101, 197.5193271780898, 320.36493120076375, 175.7097236204471, 212.9815970066831, 258.08935748440854, 202.51599939498345, 240.4520649745198, 279.7830036030659, 285.60785066467065, 274.8163363371389, 269.92798108084133]}]}, "39": {"img_name": "0039", "gt": [{"cam_R_m2c": [-0.13794599, 0.97217, -0.18935899, 0.95198601, 0.0773883, -0.29619899, -0.27330199, -0.221127, -0.936167], "cam_t_m2c": [-78.64124603, -51.18771375, 718.40453689], "obj_bb": [214, 145, 95, 115], "obj_id": 10, "kps": [263.00177898032615, 201.28929095275043, 242.1052251952048, 156.68238200118856, 224.1538680121202, 132.6036509899104, 317.9661302569886, 160.27891661290036, 306.48162676748706, 135.71509262341814, 221.52658050203178, 262.46089611510394, 200.5178826432945, 247.04643759791986, 301.04328572354297, 269.74891165758083, 287.1593377064261, 254.49884129751862]}]}, "40": {"img_name": "0040", "gt": [{"cam_R_m2c": [0.0117988, 0.99898499, -0.0434646, 0.78719902, -0.0360833, -0.61564302, -0.61658698, -0.0269514, -0.78682601], "cam_t_m2c": [-62.57188701, 103.50134634, 1046.12724462], "obj_bb": [261, 262, 59, 76], "obj_id": 10, "kps": [291.3573415435452, 298.8058724545556, 266.3222409646547, 276.65142129979245, 261.69669888503086, 255.4960384081176, 320.9253939557237, 274.7589578620116, 319.0838677260333, 253.44925804331064, 262.00187657102066, 345.6976466939095, 256.69492612707205, 326.3930048234838, 321.52290092632, 343.8285928127546, 319.53929876921615, 324.3617322392678]}]}, "41": {"img_name": "0041", "gt": [{"cam_R_m2c": [-0.0270433, 0.997401, -0.0667856, 0.79459298, -0.0190895, -0.60684198, -0.60654002, -0.0694784, -0.79201198], "cam_t_m2c": [-36.39058194, 81.46946878, 1016.0987274], "obj_bb": [273, 251, 62, 77], "obj_id": 10, "kps": [305.1003206079223, 288.0524479897468, 280.5036369000189, 265.055608262139, 275.58861826609365, 243.05161087319877, 336.5214522436803, 264.1331119776036, 334.5520300154769, 241.92117174881187, 274.1125185007102, 335.4795838525888, 268.3544824102364, 315.4375011518872, 335.21483991221703, 334.9995095246414, 332.97817069852937, 314.7706842173724]}]}, "42": {"img_name": "0042", "gt": [{"cam_R_m2c": [-0.34475899, 0.93856299, -0.0155002, 0.78581899, 0.279542, -0.55167502, -0.51344901, -0.20237499, -0.833915], "cam_t_m2c": [42.90489239, -7.3769885, 921.67550069], "obj_bb": [310, 194, 84, 90], "obj_id": 10, "kps": [352.24762380649196, 237.5811428918146, 336.1845152152779, 206.34051766341204, 336.2019107945174, 180.89831036707497, 395.22982831820985, 223.09902849738637, 398.9513428846123, 198.10911223736554, 304.9806526464067, 276.7092671998121, 302.9168445696499, 253.6960631086289, 368.32815800067857, 296.59390462904247, 370.5481949388367, 274.35077023644106]}]}, "43": {"img_name": "0043", "gt": [{"cam_R_m2c": [-0.30486199, 0.95149499, -0.0414225, 0.88913602, 0.268756, -0.37041399, -0.341315, -0.149755, -0.92794299], "cam_t_m2c": [-97.30267744, 102.09578269, 1058.84403185], "obj_bb": [237, 257, 72, 83], "obj_id": 10, "kps": [272.9308642202145, 297.5132971443602, 262.18970911134267, 259.26908295595473, 256.81964586240497, 246.43907597327072, 313.88335417539537, 274.40714019162243, 311.6112704095186, 262.3115004507273, 234.76059723670164, 331.4483640080392, 227.37127199582147, 322.5624436398282, 288.54443088832346, 348.41498042792875, 284.5156277328234, 340.483327193843]}]}, "44": {"img_name": "0044", "gt": [{"cam_R_m2c": [-0.21854199, 0.97231299, -0.0827456, 0.92953098, 0.18161599, -0.32091799, -0.297005, -0.14704899, -0.94348502], "cam_t_m2c": [-85.3249172, 63.10039301, 1014.63621159], "obj_bb": [242, 236, 71, 86], "obj_id": 10, "kps": [277.4216292065397, 277.85796515213093, 262.5177719932205, 239.2206856051613, 255.227830377736, 226.44589912968078, 317.7164089046705, 249.68419145038916, 313.9303201518273, 237.39356666883515, 241.61854887084573, 316.6214925175911, 232.58141560298196, 308.48384931311585, 298.91437478475234, 328.7420488724292, 293.6603420569238, 321.30170275062744]}]}, "45": {"img_name": "0045", "gt": [{"cam_R_m2c": [-0.158673, 0.981947, -0.102966, 0.94444799, 0.120553, -0.30575201, -0.28782001, -0.145761, -0.946527], "cam_t_m2c": [-88.49812198, 65.47579168, 991.47372405], "obj_bb": [240, 237, 69, 87], "obj_id": 10, "kps": [274.47853884168956, 280.05070008733503, 257.0334788956913, 241.33384358798494, 248.37808873571984, 228.99754513379054, 313.9859049120016, 248.4554553957034, 309.02970083286925, 236.40111210856867, 240.61486885682888, 321.81928006268356, 230.4247091070649, 314.5011830217928, 299.78434702483287, 330.51303028897905, 293.596025504258, 323.6851607142041]}]}, "46": {"img_name": "0046", "gt": [{"cam_R_m2c": [-0.272995, 0.94621301, -0.173649, 0.93609798, 0.219661, -0.27471799, -0.221798, -0.23754901, -0.94571501], "cam_t_m2c": [-38.19835202, -6.53315849, 691.00444223], "obj_bb": [241, 176, 106, 126], "obj_id": 10, "kps": [294.02104527030264, 236.83719747470138, 277.87583718269116, 181.82516109737105, 263.35447485599593, 160.22363698965253, 355.9166861410691, 198.25904785312667, 348.5547265669557, 177.45288283569985, 243.07893252347606, 291.0636184356328, 224.33595799811872, 279.29460168882895, 323.58893430344085, 312.2873894178895, 312.47093181183106, 302.25227977074087]}]}, "47": {"img_name": "0047", "gt": [{"cam_R_m2c": [-0.0948537, 0.99541199, -0.0125321, 0.89139801, 0.0793241, -0.446226, -0.443185, -0.0534973, -0.89483202], "cam_t_m2c": [-41.36389628, 30.3103415, 1064.70604284], "obj_bb": [272, 221, 62, 77], "obj_id": 10, "kps": [303.34586167176724, 258.4467791268409, 281.21160500422974, 229.16454635148395, 278.1962994082753, 211.85394382234983, 335.1653775362673, 233.4251650291246, 335.275286701625, 216.26945393418018, 270.8046301813053, 300.44105336503134, 266.94660695894316, 286.3837454217693, 328.0914715969557, 305.35466432444395, 327.76935669078625, 291.5218201396676]}]}, "48": {"img_name": "0048", "gt": [{"cam_R_m2c": [-0.260454, 0.965442, -0.00922638, 0.839544, 0.22175001, -0.495976, -0.47679001, -0.136925, -0.86828703], "cam_t_m2c": [27.46897839, 77.35407669, 1020.56718466], "obj_bb": [305, 245, 72, 83], "obj_id": 10, "kps": [340.9894009899246, 285.6449814741146, 322.98934726469986, 252.33244379981574, 322.5034291621361, 233.87404877459238, 377.79383313330504, 265.0926605605944, 380.5344766012398, 247.1215563897412, 300.92496947532, 323.80485101957834, 299.0239905207159, 308.4391544585759, 359.30353827408516, 338.51206603796544, 361.0779149485731, 323.8419123859871]}]}, "49": {"img_name": "0049", "gt": [{"cam_R_m2c": [-0.34770599, 0.93726099, 0.0253337, 0.83445799, 0.32166201, -0.44745299, -0.42752901, -0.134442, -0.89394897], "cam_t_m2c": [25.86471692, 34.48170495, 916.10406574], "obj_bb": [299, 218, 85, 94], "obj_id": 10, "kps": [341.7639643093594, 263.8111042471688, 325.7944698602252, 224.65645987797902, 326.91632323250053, 204.26926181214483, 384.90525009753713, 244.72366840729552, 390.0652982709786, 225.3788662900899, 293.41662419216095, 301.3955180262258, 292.2924977925248, 285.0083141277316, 356.1950494942854, 324.09909651575396, 359.6458242244342, 309.09441693139394]}]}, "50": {"img_name": "0050", "gt": [{"cam_R_m2c": [0.0922342, 0.958866, -0.26845601, 0.91701603, -0.18686201, -0.35236999, -0.38803899, -0.213677, -0.89653099], "cam_t_m2c": [32.45897374, 6.50554882, 816.86827789], "obj_bb": [310, 195, 78, 105], "obj_id": 10, "kps": [348.4150008058391, 246.60278284020814, 314.62556747504215, 216.12855214567833, 300.95150150064086, 197.24759816995606, 382.2388743084532, 202.18550144793977, 373.3989603671405, 181.6897580461703, 323.42977318308726, 309.45760664478087, 309.42978496912895, 296.6866270152169, 396.1732959558238, 297.15298832262357, 387.8028076416983, 282.96499973776093]}]}, "51": {"img_name": "0051", "gt": [{"cam_R_m2c": [0.158833, 0.933276, -0.32213199, 0.92597598, -0.25401601, -0.27936301, -0.342549, -0.253914, -0.90453702], "cam_t_m2c": [5.92143678, -29.97752527, 723.51552381], "obj_bb": [285, 157, 92, 123], "obj_id": 10, "kps": [330.384028024568, 218.23210516074502, 292.9564956517227, 186.98488220253623, 272.73706863316374, 167.10345237584718, 366.3932742936769, 164.69235272469103, 351.92361520126394, 142.06114746772687, 309.10364680510503, 290.5689141641693, 288.8417515917238, 278.7231199398085, 388.4340923148953, 270.6094945154478, 374.93864660848544, 256.3556916107546]}]}, "52": {"img_name": "0052", "gt": [{"cam_R_m2c": [0.248586, 0.94827598, -0.19742601, 0.59777099, -0.310572, -0.73906302, -0.762151, 0.0657055, -0.64405602], "cam_t_m2c": [39.23939712, 46.47473421, 1074.06279722], "obj_bb": [315, 232, 67, 73], "obj_id": 10, "kps": [346.5018587712888, 266.7361021738626, 313.6340394371377, 263.89355867479424, 306.08671686494, 238.2236120870837, 363.9339620879536, 247.27674289963133, 358.4506492652654, 221.10304214613865, 332.98436750397326, 316.0301768484833, 325.4360789654703, 289.7414533895663, 388.67572406844874, 297.23734159322413, 383.6690691810742, 270.29422202649585]}]}, "53": {"img_name": "0053", "gt": [{"cam_R_m2c": [0.23686101, 0.94899398, -0.208105, 0.63246, -0.31321201, -0.708444, -0.73749, 0.0361846, -0.67438799], "cam_t_m2c": [52.29794873, 19.86558642, 1025.56297589], "obj_bb": [322, 216, 70, 78], "obj_id": 10, "kps": [354.79517496961114, 253.02545971163426, 320.54073259545913, 249.16071381220692, 312.5186518409124, 222.82297360685757, 373.1366171780117, 231.7470438825386, 367.46187043389426, 204.73816170460023, 340.5484167374839, 304.89796846246014, 332.5747511728577, 278.22741376090687, 398.91845098476733, 285.32985102057756, 393.8501345926433, 257.8051293317526]}]}, "54": {"img_name": "0054", "gt": [{"cam_R_m2c": [0.200932, 0.96914101, -0.142804, 0.72983998, -0.24533901, -0.63807702, -0.653422, 0.0239862, -0.75661403], "cam_t_m2c": [42.90073742, 16.85719257, 807.08524299], "obj_bb": [315, 206, 88, 101], "obj_id": 10, "kps": [356.14127330624723, 253.91553311312995, 312.833235435591, 240.27654234815236, 305.21737933540265, 209.58415258448125, 380.0915134000735, 223.22988145566828, 376.738141124354, 191.55795747623094, 333.33829992867015, 320.3547662676768, 326.16987517235185, 291.2820761615842, 408.9322627070484, 300.9165971971709, 407.19101171002126, 270.5566771123364]}]}, "55": {"img_name": "0055", "gt": [{"cam_R_m2c": [0.40473399, 0.86473501, -0.297362, 0.72396898, -0.50167203, -0.473492, -0.55862302, -0.0236431, -0.82908398], "cam_t_m2c": [-36.10769554, -33.24667943, 688.92369708], "obj_bb": [242, 155, 111, 122], "obj_id": 10, "kps": [295.7116617733786, 214.11376215598656, 248.14550686549114, 208.60739101476742, 225.09746371766468, 179.1456071517475, 317.7809175476558, 167.86562590721644, 300.3530659249557, 134.96050410049276, 289.9867190528325, 296.58814016279484, 267.6946007096906, 271.2890769965332, 368.4417940944063, 251.10838301522065, 353.3577581370748, 221.4740303557613]}]}, "56": {"img_name": "0056", "gt": [{"cam_R_m2c": [0.0704507, 0.997293, -0.0210662, 0.85948098, -0.0714071, -0.50615603, -0.50629002, 0.017553, -0.862185], "cam_t_m2c": [-2.00657923, -81.80851936, 695.72409022], "obj_bb": [280, 120, 91, 113], "obj_id": 10, "kps": [324.14046246615584, 174.57763322567962, 280.2578094004379, 148.03795294021145, 275.248093704991, 111.45764486762614, 360.3193846251494, 142.5329126098774, 362.10419246175746, 105.58387512100234, 284.09481720900175, 245.4558510212512, 278.84287075731606, 213.71555907979598, 372.98787169047006, 239.07690101138553, 376.1912735132255, 206.8258538240428]}]}, "57": {"img_name": "0057", "gt": [{"cam_R_m2c": [-0.173529, 0.94615698, -0.27326801, 0.57699901, -0.127189, -0.80678099, -0.79809803, -0.29767501, -0.52386099], "cam_t_m2c": [174.37519109, 60.04153602, 1064.04079117], "obj_bb": [389, 242, 59, 69], "obj_id": 10, "kps": [419.38110261481165, 274.34222919316505, 397.5322661754477, 267.53377276355064, 390.21404483972964, 239.7948455121391, 451.0715357716903, 261.3188856536278, 445.32113480761376, 232.5619096628319, 391.5070623483153, 318.3515840856282, 383.095201663942, 289.1339449255248, 451.2325813319321, 313.0060270750078, 444.77765726333456, 282.62846401341307]}]}, "58": {"img_name": "0058", "gt": [{"cam_R_m2c": [-0.243367, 0.934053, -0.26137501, 0.574287, -0.0783999, -0.81489199, -0.78164399, -0.34842199, -0.51733398], "cam_t_m2c": [187.12962418, 48.61657359, 1016.53414111], "obj_bb": [398, 236, 65, 71], "obj_id": 10, "kps": [430.95951310133546, 269.419621791289, 409.92715589167676, 261.602243781155, 403.1178119030518, 232.1750366213404, 466.14718316326156, 257.800003827701, 461.0321436104241, 227.1846865828175, 398.88273902734994, 313.65890169588937, 390.82678661438933, 282.57323613177635, 461.56782831062895, 311.41945681514835, 455.62296472164564, 278.98789421742475]}]}, "59": {"img_name": "0059", "gt": [{"cam_R_m2c": [-0.37693301, 0.92074299, -0.100763, 0.59223598, 0.155936, -0.79053199, -0.71216398, -0.35765299, -0.60407501], "cam_t_m2c": [150.88329095, 3.86518382, 915.21301322], "obj_bb": [379, 207, 81, 81], "obj_id": 10, "kps": [419.98882467284636, 244.48974514954452, 400.94818719735844, 229.77485062478192, 400.0919328030234, 196.7741384311918, 462.0861041055228, 239.1588560088097, 463.9482904688328, 205.21990078735809, 373.99226735839386, 284.89069946063586, 371.7184427908537, 250.46633693088728, 441.5074526139739, 297.88139111653373, 442.56448822889075, 262.5139009087823]}]}, "60": {"img_name": "0060", "gt": [{"cam_R_m2c": [-0.29923499, 0.93383098, -0.196006, 0.63730502, 0.0427186, -0.769427, -0.710141, -0.35515499, -0.60791802], "cam_t_m2c": [112.51189414, -2.54561173, 823.63362986], "obj_bb": [360, 200, 86, 88], "obj_id": 10, "kps": [403.8445641854436, 240.25343126814101, 382.5465509247823, 225.75466286026233, 376.42342387540947, 190.04480053700465, 450.13970056249207, 228.03445648968432, 447.1380409928806, 190.81662394662374, 358.3417186149943, 291.355153725798, 350.0424158422329, 254.28222601911258, 434.0770009312911, 297.1797788493246, 429.71105957406155, 258.5119919160333]}]}, "61": {"img_name": "0061", "gt": [{"cam_R_m2c": [-0.135142, 0.95155197, -0.276198, 0.73006397, -0.0928332, -0.67704397, -0.66988301, -0.29313901, -0.68214798], "cam_t_m2c": [22.5493581, -42.6017928, 746.73658378], "obj_bb": [298, 161, 87, 102], "obj_id": 10, "kps": [342.95238201916845, 209.245804550317, 319.31758824843297, 194.71893274152913, 305.0893867416767, 157.81159193815873, 391.53833668559406, 185.7906310350447, 381.2226161286413, 146.79791240421673, 302.71431502892824, 273.7234249299344, 285.26806117467527, 236.8429621277899, 384.51077116200497, 267.0404934845988, 372.1105757197097, 227.9180569368828]}]}, "62": {"img_name": "0062", "gt": [{"cam_R_m2c": [0.039884, 0.99204701, -0.119381, 0.79158002, -0.10428, -0.60210198, -0.60976303, -0.0704857, -0.78944403], "cam_t_m2c": [6.60004459, 31.26916004, 1059.52899115], "obj_bb": [300, 223, 59, 75], "obj_id": 10, "kps": [329.1588962554796, 258.9523008010089, 302.4065974590868, 241.1686029808844, 296.87774462278014, 219.01905457323375, 356.1158345657882, 235.48949212975256, 353.2811761049994, 212.8953380663911, 303.6850410932458, 306.35263535036813, 297.7154280201767, 285.7530163580834, 362.14525686272617, 300.6464199961951, 359.38182722520094, 279.5711568503047]}]}, "63": {"img_name": "0063", "gt": [{"cam_R_m2c": [0.00990735, 0.98635602, -0.16433001, 0.80209798, -0.105972, -0.58771503, -0.59710997, -0.12598599, -0.79220402], "cam_t_m2c": [39.7195579, 0.4006061, 1024.7496557], "obj_bb": [317, 205, 61, 77], "obj_id": 10, "kps": [347.7871566506952, 242.24504171590564, 321.03853173804845, 224.4794695751615, 314.6082428155942, 201.3079597492491, 376.43559006446685, 218.29266292119354, 372.85629728328456, 194.49150363971063, 321.5050052418888,