{"class": 11, "diam": 175.88933422, "obj_name": "glue", "img_path": "../../dataset/Linemod_preprocessed/data/11/rgb", "depth_path": "../../dataset/Linemod_preprocessed/data/11/depth", "mask_path": "../../dataset/Linemod_preprocessed/data/11/mask", "trainlist": "../../dataset/Linemod_preprocessed/data/11/train.txt", "testlist": "../../dataset/Linemod_preprocessed/data/11/test.txt", "gt_num": 1220, "0": {"img_name": "0000", "gt": [{"cam_R_m2c": [0.99917501, -0.0299925, 0.0273719, -0.013194, -0.877334, -0.47969899, 0.0384017, 0.47894201, -0.87700599], "cam_t_m2c": [-1.64189978, -81.29900694, 1029.99741383], "obj_bb": [314, 165, 21, 72], "obj_id": 11, "kps": [323.910959614229, 203.83159733310842, 314.09939512338394, 239.17184394692242, 315.1861850040646, 187.84381627956125, 313.28019541013214, 204.3981476004468, 314.1975805639021, 149.61787818675012, 333.420297587962, 238.92011795254174, 337.6330397756407, 187.62864858082642, 331.96171810905463, 204.19834800096558, 335.7860234168403, 149.46632049184555]}]}, "1": {"img_name": "0001", "gt": [{"cam_R_m2c": [0.99991697, 0.0127218, -0.00212423, 0.0101042, -0.87499601, -0.484025, -0.00801636, 0.48396301, -0.87505198], "cam_t_m2c": [16.69680025, -80.8251508, 978.78883341], "obj_bb": [324, 161, 22, 76], "obj_id": 11, "kps": [334.74502784504944, 202.20034711255846, 324.1701563242262, 239.2130690974149, 323.74605739772386, 184.48457247528316, 324.73671638332405, 202.90576432082844, 324.42285636597813, 144.45983868709246, 344.4688699951535, 239.41780060284975, 347.51632142457527, 184.70609867507622, 344.3227483759075, 203.09334644260923, 347.22165659712624, 144.65952876828467]}]}, "2": {"img_name": "0002", "gt": [{"cam_R_m2c": [0.95301801, 0.27699599, 0.1226, 0.302876, -0.86490202, -0.40026301, -0.00483445, 0.41859001, -0.90816301], "cam_t_m2c": [63.72063369, -113.94721043, 872.09538471], "obj_bb": [344, 131, 39, 82], "obj_id": 11, "kps": [364.1190642915811, 174.91124824254481, 340.4816603812072, 210.58900515056217, 359.1545685936534, 153.2034613745003, 352.7366406732781, 171.70137517025552, 373.03265917592284, 109.0902138959228, 361.92794629825977, 217.41169073527382, 384.9356964570853, 161.39072183183225, 373.46213594208973, 178.28689961874744, 397.7791954011937, 116.93828481674163]}]}, "3": {"img_name": "0003", "gt": [{"cam_R_m2c": [0.98387998, 0.174151, 0.0406417, 0.17319, -0.87129098, -0.45919201, -0.0445581, 0.45882899, -0.887407], "cam_t_m2c": [44.74725515, -80.63228499, 778.01260984], "obj_bb": [339, 140, 34, 95], "obj_id": 11, "kps": [356.5047690444864, 191.8974348507817, 336.4618296309785, 235.05617554043192, 344.84728564863593, 166.97309159769003, 344.89119299837483, 190.7870802915692, 354.65595462700804, 116.6532902404662, 361.2211865867583, 239.40577689501762, 375.188937812949, 172.136646354041, 368.6516368023882, 194.87532638783878, 383.51096499839235, 121.44543438905674]}]}, "4": {"img_name": "0004", "gt": [{"cam_R_m2c": [0.93474698, -0.280101, -0.218612, -0.35384601, -0.789698, -0.50116903, -0.0322599, 0.54582202, -0.83727998], "cam_t_m2c": [10.57763594, -89.36528455, 757.01102045], "obj_bb": [314, 127, 46, 103], "obj_id": 11, "kps": [336.7207489799205, 184.8270836439756, 341.6896513318313, 235.7946705402039, 312.70140861748865, 159.61776859710395, 326.2024604692734, 194.67233777352047, 295.7862137981278, 114.65596253418751, 366.04514546702785, 226.55626070209516, 342.3219520354424, 148.226447122636, 349.3185924053345, 185.83854009958725, 323.59348497971234, 103.87553922775344]}]}, "5": {"img_name": "0005", "gt": [{"cam_R_m2c": [0.94756198, -0.25048, -0.19846, -0.31860399, -0.78874302, -0.52571499, -0.0248525, 0.561378, -0.82718599], "cam_t_m2c": [13.01595263, -90.10869025, 791.82150735], "obj_bb": [318, 131, 41, 100], "obj_id": 11, "kps": [337.61616255109493, 187.145165478877, 340.57170602516777, 236.51362892007873, 315.61507644822626, 160.8265224467359, 327.20971786717206, 197.01021935110322, 301.1500290810634, 118.17416921962656, 364.2716962875381, 228.52830608176404, 344.1359759918898, 151.1069262066307, 349.7249242976111, 189.3786959878962, 327.97234986298594, 108.97488656740157]}]}, "6": {"img_name": "0006", "gt": [{"cam_R_m2c": [0.96009302, -0.209593, -0.185183, -0.278133, -0.78509599, -0.55341297, -0.0293947, 0.58283299, -0.81206], "cam_t_m2c": [-5.73374728, -72.53369378, 713.57711887], "obj_bb": [302, 131, 45, 114], "obj_id": 11, "kps": [324.0508050294841, 195.51890966432248, 325.86224379747284, 250.3019344221798, 296.5116516362621, 163.8687407528238, 314.2520791344774, 206.38714262991306, 284.45549033999936, 116.59340196384929, 352.3987536671425, 242.61086733981506, 329.0018877740472, 154.2868665447054, 339.27867553506667, 199.0703674770739, 314.71074735340017, 107.58822022372709]}]}, "7": {"img_name": "0007", "gt": [{"cam_R_m2c": [0.956613, -0.22344799, -0.18697999, -0.289902, -0.79408401, -0.53421599, -0.0291089, 0.56524402, -0.82441002], "cam_t_m2c": [-15.46410288, -79.90685259, 677.15983644], "obj_bb": [291, 119, 50, 119], "obj_id": 11, "kps": [316.02816101209123, 186.66367402656007, 318.8261474404288, 244.0156257330262, 285.61011706721064, 153.89295515182175, 306.2749668840991, 197.90074017128802, 272.53984124166374, 103.63553112617875, 346.5186502139084, 235.60642607799474, 320.0046908701999, 143.26497235966698, 332.36686418702004, 189.9082665266213, 304.499289380644, 93.66750066973542]}]}, "8": {"img_name": "0008", "gt": [{"cam_R_m2c": [0.96299797, -0.24762, -0.106394, -0.26593, -0.80890399, -0.52436203, 0.0437796, 0.53325301, -0.84482199], "cam_t_m2c": [-5.63847485, -78.54184139, 942.51595645], "obj_bb": [309, 157, 30, 83], "obj_id": 11, "kps": [323.28677067150596, 202.6310862926275, 322.6777896719697, 243.8626049071059, 309.82111606480544, 182.87912762180525, 312.12270438548006, 208.90052094204228, 298.1336883403056, 145.02517503989787, 343.01408714309406, 238.23363087678558, 333.6765785043187, 176.39820243711895, 331.661145861602, 203.55111457820826, 320.8986288941095, 138.91453929526418]}]}, "9": {"img_name": "0009", "gt": [{"cam_R_m2c": [0.96540099, -0.248836, -0.0779892, -0.250911, -0.80491501, -0.53773201, 0.0710326, 0.53869599, -0.83950102], "cam_t_m2c": [-20.25043387, -85.5511038, 1000.35248736], "obj_bb": [301, 158, 28, 78], "obj_id": 11, "kps": [314.82310017913113, 201.0962911147561, 313.5205303867646, 240.3335413504798, 303.1199056596085, 181.19731645244562, 303.81993218877824, 207.49613696283708, 292.3943930323219, 145.94985531228514, 332.816482594665, 235.32012395309363, 325.52832321417463, 175.5528415937548, 322.3999339151858, 202.7529483323819, 313.84293399838907, 140.6513507742011]}]}, "10": {"img_name": "0010", "gt": [{"cam_R_m2c": [0.94191498, 0.331072, 0.0564544, 0.272834, -0.65627098, -0.70346999, -0.19585, 0.67801201, -0.70847899], "cam_t_m2c": [126.67132461, -6.61000776, 1034.75779721], "obj_bb": [377, 200, 30, 84], "obj_id": 11, "kps": [393.40113736270206, 247.4636784400407, 374.1239282667054, 281.98211315783783, 386.29042211026626, 213.78238337802486, 384.9383202546811, 254.0787084005273, 397.78417016177195, 186.06248114378096, 393.02673107735995, 287.6422964337922, 407.7388221064266, 219.65721587552915, 403.018634945966, 259.29242146383723, 418.17902744312676, 191.42592921235664]}]}, "11": {"img_name": "0011", "gt": [{"cam_R_m2c": [0.93577802, 0.34657499, 0.0648506, 0.28845799, -0.64674002, -0.70605898, -0.20276099, 0.67942101, -0.70517802], "cam_t_m2c": [126.41884679, -6.61349817, 1023.71369127], "obj_bb": [377, 200, 31, 84], "obj_id": 11, "kps": [393.8825155201866, 247.5520921386583, 373.85014267479437, 282.1690196338256, 386.9733378504638, 212.92097670390154, 385.40067731887495, 254.35562326838195, 399.24228287332454, 185.38350373348837, 392.8467908366406, 288.2139976761816, 408.5570953701067, 219.20301413083016, 403.56744090447046, 259.924800847883, 419.7600815265828, 191.12026318023385]}]}, "12": {"img_name": "0012", "gt": [{"cam_R_m2c": [0.92146301, 0.370316, 0.117355, 0.34968701, -0.65914702, -0.665766, -0.16919, 0.65451598, -0.73687398], "cam_t_m2c": [108.94467147, -37.68268626, 986.71780224], "obj_bb": [366, 181, 36, 86], "obj_id": 11, "kps": [385.6943216621511, 229.45405542127682, 362.828293548593, 263.8571509124172, 381.02906904033625, 193.67058322590364, 376.3511820446431, 235.5433026101448, 395.38679181525123, 165.32672614261247, 382.01222875960616, 271.1977657845536, 403.0706332357281, 201.5687665404947, 394.70205080437427, 242.37120467362215, 416.33452067352493, 172.61288301673798]}]}, "13": {"img_name": "0013", "gt": [{"cam_R_m2c": [0.87874401, 0.44386101, 0.175488, 0.44904, -0.64420003, -0.61916798, -0.16177499, 0.62289101, -0.76539898], "cam_t_m2c": [92.03410908, -59.86298886, 871.06580578], "obj_bb": [357, 159, 48, 95], "obj_id": 11, "kps": [381.7465278396371, 212.79680687608186, 352.4189344115247, 248.60807556836014, 379.1551877580072, 171.39795675858733, 371.56642263623684, 218.4458580303576, 399.78790455127904, 140.94156103407968, 372.89426173183995, 259.04423455980816, 403.3171968497187, 183.01933105638375, 391.12431253838724, 228.16697545550085, 422.67985317451297, 151.6617260311178]}]}, "14": {"img_name": "0014", "gt": [{"cam_R_m2c": [0.87121999, 0.461294, 0.167882, 0.46224701, -0.655792, -0.59688002, -0.165241, 0.59761602, -0.78456998], "cam_t_m2c": [84.18985543, -91.2643895, 778.65203846], "obj_bb": [355, 124, 54, 108], "obj_id": 11, "kps": [382.76089746122113, 186.45056516898256, 350.01391760640956, 226.32887687478112, 378.92003775079104, 137.5754919453884, 372.25253693499087, 193.60776022766981, 403.42428617764415, 104.43861610655571, 372.52565573619233, 238.08354536244408, 406.14675327515494, 150.87163505971026, 393.71126558456126, 204.50220444126322, 429.12140027945924, 116.61343495645306]}]}, "15": {"img_name": "0015", "gt": [{"cam_R_m2c": [0.85522699, 0.48166999, 0.19126301, 0.50096601, -0.67381603, -0.54314399, -0.13274001, 0.56032699, -0.81756502], "cam_t_m2c": [52.16147846, -123.80120446, 672.06152623], "obj_bb": [332, 76, 64, 126], "obj_id": 11, "kps": [364.5921849598212, 149.89118705938006, 326.1945795751396, 194.60330278715696, 358.92768541385976, 90.58792699179556, 354.13348976936294, 158.0646006033285, 390.8931246707494, 53.05149235341457, 351.22203975758094, 208.96770030187733, 390.35822980852834, 107.59023688781087, 377.9067905882676, 171.37291001080916, 420.3656702293521, 68.56412646886908]}]}, "16": {"img_name": "0016", "gt": [{"cam_R_m2c": [0.95065099, -0.29770601, -0.0873707, -0.305902, -0.85231799, -0.42423901, 0.0518307, 0.43002999, -0.90132499], "cam_t_m2c": [0.44340657, 5.80732194, 1022.01188973], "obj_bb": [313, 220, 28, 61], "obj_id": 11, "kps": [326.5292017236604, 250.75652518304747, 326.3872440372831, 285.11965077803234, 317.2474368302062, 246.97066160753533, 314.46014353821244, 249.70808694798154, 303.7037872216933, 207.14372370373863, 344.8173578863959, 279.10091755027065, 338.7886202828292, 240.020276943883, 332.3583737689647, 243.9299914298541, 324.52184170732016, 200.5141184925884]}]}, "17": {"img_name": "0017", "gt": [{"cam_R_m2c": [0.94552898, -0.30674899, -0.109001, -0.324022, -0.85450602, -0.405992, 0.0313958, 0.41919601, -0.90735298], "cam_t_m2c": [12.64636001, -11.82740484, 974.20652133], "obj_bb": [319, 208, 31, 65], "obj_id": 11, "kps": [333.8995266979857, 240.768043306316, 334.4615687009878, 276.6451253747191, 323.8348604850013, 237.03012107459332, 321.382989392431, 239.86618853832553, 308.88702388334366, 195.34300634061296, 353.61933151654966, 270.02470508263804, 346.41998416387185, 229.2820016377742, 339.9701592313281, 233.48746853748793, 330.68331267116224, 187.92464202357317]}]}, "18": {"img_name": "0018", "gt": [{"cam_R_m2c": [0.94183898, -0.3195, -0.104208, -0.33401701, -0.85577798, -0.39506701, 0.0370446, 0.406896, -0.912723], "cam_t_m2c": [-3.9767058, -45.88296663, 877.64406205], "obj_bb": [308, 181, 34, 73], "obj_id": 11, "kps": [324.1723246046521, 218.74513535346296, 325.36714754572, 258.95406235922235, 312.2106975535749, 212.3026221864197, 310.7079658525706, 219.0681238687712, 295.222846068063, 166.50315497876832, 346.39751094879796, 251.456196863584, 337.49707152296196, 203.3765066973902, 331.07404357301425, 211.87016121006027, 319.55490994452015, 158.00033331796124]}]}, "19": {"img_name": "0019", "gt": [{"cam_R_m2c": [0.95112401, -0.26150501, -0.164251, -0.30507001, -0.87819499, -0.36838099, -0.0479113, 0.40048501, -0.91505003], "cam_t_m2c": [46.70492518, -79.79841397, 766.28606696], "obj_bb": [344, 144, 37, 87], "obj_id": 11, "kps": [361.86901967231717, 190.30167951503728, 362.2086572780118, 236.40376219110507, 346.73625107775126, 180.77991022041377, 347.34738787074383, 191.09808625387203, 329.2209813030214, 127.75800686101384, 386.40659016471227, 228.6398591844201, 376.59849918597905, 171.03969096616743, 370.6375548814878, 183.5230083263606, 357.712660277621, 118.31761229243406]}]}, "20": {"img_name": "0020", "gt": [{"cam_R_m2c": [0.992966, -0.112949, -0.0355151, -0.117774, -0.91138899, -0.39433399, 0.0121716, 0.39574301, -0.91828102], "cam_t_m2c": [-21.77182487, -103.66607897, 671.08420851], "obj_bb": [289, 104, 36, 108], "obj_id": 11, "kps": [307.80678038819894, 163.9132624425683, 299.91471936217914, 217.1117808275189, 286.8346383629244, 142.39546518531628, 294.3593855158306, 164.95020258782458, 280.4908442201949, 80.38858670531405, 328.31749336857285, 213.7531456034099, 323.0652737890396, 138.17030383080746, 321.62289601546047, 161.75710222058598, 314.88798144957224, 76.42341957894561]}]}, "21": {"img_name": "0021", "gt": [{"cam_R_m2c": [0.90752399, 0.41582501, 0.0590714, 0.37132201, -0.72864503, -0.57549697, -0.196264, 0.54421198, -0.81566799], "cam_t_m2c": [-90.45068385, -74.05605237, 1008.67229061], "obj_bb": [258, 164, 33, 80], "obj_id": 11, "kps": [274.040218469218, 208.25649567611012, 256.0224622633224, 240.54808208247326, 251.76825682526675, 178.35439395573962, 275.469037963451, 211.12731200537473, 274.24860216983984, 147.36385071028792, 273.64143965777765, 247.95542842323923, 272.07271070089223, 186.41414839809715, 292.53504505841124, 218.05512012408371, 293.82234428309135, 154.83258118051646]}]}, "22": {"img_name": "0022", "gt": [{"cam_R_m2c": [0.899037, 0.43481401, 0.0516615, 0.378701, -0.71288902, -0.59023303, -0.21981201, 0.55020601, -0.80557799], "cam_t_m2c": [-83.2935843, -71.82266273, 975.66530889], "obj_bb": [260, 162, 34, 83], "obj_id": 11, "kps": [276.54937317947156, 208.61569673307793, 257.7710683588469, 242.0377740919223, 252.94894134053604, 176.20169764818294, 278.5715316246642, 212.30265067545403, 277.07985469922164, 145.05054481695774, 275.76706443403805, 249.85894717478791, 273.7457761418404, 184.65587726335028, 295.9999940615894, 219.58264210263047, 297.1227640695135, 152.84020992543506]}]}, "23": {"img_name": "0023", "gt": [{"cam_R_m2c": [0.87606502, 0.47845399, 0.0599303, 0.41813701, -0.69189698, -0.58859098, -0.24014799, 0.540703, -0.806207], "cam_t_m2c": [-91.22002086, -82.68203042, 873.71963891], "obj_bb": [246, 144, 40, 95], "obj_id": 11, "kps": [265.78612139977963, 197.79414885655592, 244.27887398372943, 234.27378711167657, 237.47882065040938, 158.8045455125133, 269.8092316388129, 202.71665787184997, 267.64238215159577, 125.77755915628317, 263.56196870030544, 243.7934357361304, 260.13549418281457, 169.17290400246054, 288.4811701766122, 211.5289427384661, 289.46086458583613, 135.25913570643726]}]}, "24": {"img_name": "0024", "gt": [{"cam_R_m2c": [0.830208, 0.54586202, 0.113091, 0.51065302, -0.66332603, -0.54702199, -0.223582, 0.51189202, -0.82944399], "cam_t_m2c": [-86.6757778, -125.05990852, 762.10326039], "obj_bb": [236, 96, 47, 110], "obj_id": 11, "kps": [259.7527547732175, 159.68309277667413, 232.2260228000101, 199.0331292001095, 229.04108496299307, 109.51768047001829, 264.9117734428236, 166.49595940498793, 268.4621434475756, 75.44661756572859, 252.83362860808685, 211.8795818568464, 254.04210987982432, 124.0245308675746, 284.8684333925113, 178.4252932540267, 292.51045367411126, 88.7386728066973]}]}, "25": {"img_name": "0025", "gt": [{"cam_R_m2c": [0.825131, 0.54293299, 0.156148, 0.52588302, -0.63717699, -0.56343001, -0.206411, 0.547019, -0.81127399], "cam_t_m2c": [-116.85784215, -122.90933091, 699.72309796], "obj_bb": [202, 83, 53, 122], "obj_id": 11, "kps": [229.1906867016104, 154.51167387202017, 198.47195198920966, 197.01154078142807, 194.66624805541588, 95.45777072548474, 235.70854115113596, 163.62535103991408, 240.12435570143057, 61.529086499818824, 220.47018151350733, 211.42583408311643, 221.7184835736849, 111.94168019084296, 256.87515502605834, 176.93842967444314, 265.928446491652, 76.53062617315024]}]}, "26": {"img_name": "0026", "gt": [{"cam_R_m2c": [0.82551801, 0.54418498, 0.149608, 0.52101302, -0.63292998, -0.57266498, -0.21694399, 0.55069298, -0.80602199], "cam_t_m2c": [-118.05494973, -117.46437084, 672.34487258], "obj_bb": [196, 80, 56, 128], "obj_id": 11, "kps": [224.50696410794325, 155.72889992166392, 193.06689710601435, 200.16666016213108, 186.89117324830985, 93.20625397446517, 232.05962555237508, 165.67193919906973, 234.9525983793519, 58.36383790310625, 215.8127071787754, 215.01520562633948, 215.04020020030484, 110.16161499092236, 253.93017716122864, 179.32025972608488, 261.7726675727259, 73.69924994076685]}]}, "27": {"img_name": "0027", "gt": [{"cam_R_m2c": [0.81004602, 0.57398802, -0.119845, 0.48341599, -0.76940203, -0.41752699, -0.331864, 0.28028101, -0.90072697], "cam_t_m2c": [93.26980097, -113.75354111, 1016.95257011], "obj_bb": [362, 148, 34, 69], "obj_id": 11, "kps": [378.17767395036003, 184.58680196009774, 360.1349515665431, 212.26624653655523, 353.25622808379325, 163.0080636472269, 382.4614601291402, 181.94322961324806, 379.3745559594187, 128.8727456318027, 376.32736393480707, 221.3765061096838, 372.0911260097325, 173.00521820245723, 398.579928404957, 190.53661615366804, 398.11117352645516, 138.19806993966023]}]}, "28": {"img_name": "0028", "gt": [{"cam_R_m2c": [0.79440898, 0.58925903, -0.147267, 0.47834399, -0.75638503, -0.44617099, -0.374302, 0.28399801, -0.88274801], "cam_t_m2c": [108.15324885, -91.69974736, 973.33826829], "obj_bb": [372, 156, 37, 73], "obj_id": 11, "kps": [389.4648196077852, 195.15580264175725, 370.89878626937184, 224.22824837451589, 362.3805392019751, 171.65218218703106, 394.5557692481649, 192.95336978759994, 390.1876276412226, 136.43364320453097, 387.6921039483491, 233.75635142502216, 381.95476420674265, 182.01166415082383, 411.3052419319607, 201.87360670700716, 409.7056439043057, 146.00182265950642]}]}, "29": {"img_name": "0029", "gt": [{"cam_R_m2c": [0.78528303, 0.600793, -0.149591, 0.481314, -0.74436599, -0.46287799, -0.38944501, 0.29148999, -0.87370801], "cam_t_m2c": [112.13431912, -79.11952989, 959.44841983], "obj_bb": [375, 162, 37, 74], "obj_id": 11, "kps": [392.74676965149234, 202.07391649226034, 373.71499888688845, 231.48735671744888, 365.2106762236388, 177.52220233066623, 398.0907058452964, 200.15686030433832, 393.87860556871226, 142.30700895565587, 390.63598719814956, 241.31225068686044, 384.943240731324, 188.16946059071228, 414.9775649833035, 209.33598113499613, 413.56850007308935, 152.11514251679503]}]}, "30": {"img_name": "0030", "gt": [{"cam_R_m2c": [0.71074098, 0.70151901, -0.0521379, 0.60634202, -0.648516, -0.46019199, -0.356646, 0.29546401, -0.88628697], "cam_t_m2c": [50.73615163, -107.28101804, 874.70688633], "obj_bb": [337, 133, 43, 84], "obj_id": 11, "kps": [358.4145960736727, 180.2208181334111, 334.2612878405242, 209.68287164890333, 329.4967795545785, 145.92286159647782, 366.3043184296066, 180.57117425214022, 367.68733853663593, 113.14532057919344, 350.39581285428875, 222.91313446134538, 348.71926697447316, 160.68038678451447, 382.48950922308313, 193.08442063074406, 386.98194337129746, 126.94554438969459]}]}, "31": {"img_name": "0031", "gt": [{"cam_R_m2c": [0.65949398, 0.74770403, 0.0774956, 0.69425601, -0.566315, -0.444179, -0.28822699, 0.346735, -0.89257997], "cam_t_m2c": [-15.42064268, -127.44659039, 775.1927511], "obj_bb": [286, 103, 51, 95], "obj_id": 11, "kps": [312.8060308933858, 157.70104132010724, 282.3115770324923, 187.84926947449165, 283.82051165323725, 111.90866633348045, 321.8999033421962, 160.4942646047631, 331.87053316376455, 81.52760735468358, 298.3970806284681, 204.7039849182531, 303.5822717258116, 131.40754655152, 337.9676421764377, 176.4837141425014, 351.5969201259274, 99.82581911482524]}]}, "32": {"img_name": "0032", "gt": [{"cam_R_m2c": [0.62387598, 0.78138798, 0.0145632, 0.70593202, -0.55544001, -0.43948299, -0.335318, 0.284464, -0.89813298], "cam_t_m2c": [6.68845393, -134.63925904, 673.71753494], "obj_bb": [300, 73, 59, 113], "obj_id": 11, "kps": [330.43114770612436, 139.37413774788033, 297.3106936601367, 174.4253118861694, 292.40940458559743, 82.98580935745011, 343.43185543423175, 144.0969814786299, 350.3789072824204, 48.28486157039132, 314.70559061476564, 193.54522713182078, 314.3640342465461, 105.28723834303335, 361.06821349539797, 162.16307003134432, 372.7120472105861, 69.05348961243654]}]}, "33": {"img_name": "0033", "gt": [{"cam_R_m2c": [0.76134503, -0.64012402, -0.102933, -0.57083702, -0.58654797, -0.57454801, 0.30740699, 0.496187, -0.81197202], "cam_t_m2c": [-136.94764133, -102.11788887, 1019.6488697], "obj_bb": [234, 148, 39, 79], "obj_id": 11, "kps": [251.03945761080232, 193.20384497316425, 262.30825087990956, 231.73106532370775, 241.73991964073593, 168.5655075585402, 238.65682340670725, 208.35278679334562, 215.46782609004194, 144.31509461313652, 277.8395453773094, 220.66687106366658, 259.84817643084784, 156.60422054942515, 253.8893270619301, 197.9087901071051, 233.16245022057547, 133.10898610645265]}]}, "34": {"img_name": "0034", "gt": [{"cam_R_m2c": [0.77317601, -0.62862599, -0.0838286, -0.541471, -0.58552903, -0.60329503, 0.330163, 0.51184398, -0.7931], "cam_t_m2c": [-131.21518026, -68.56090864, 976.04105894], "obj_bb": [233, 164, 40, 83], "obj_id": 11, "kps": [250.79010177441157, 210.7778920279273, 261.368958585292, 251.23136549818622, 242.0279182996442, 184.82198330009192, 237.30300268772194, 226.17871414871126, 215.2186291939238, 158.91521910923012, 277.88818404382835, 240.05856911106358, 261.3431280037589, 172.8365581837103, 253.47978769176186, 215.70558057003612, 234.05737650242986, 147.7779716169754]}]}, "35": {"img_name": "0035", "gt": [{"cam_R_m2c": [0.90661401, -0.420614, 0.0337014, -0.32250401, -0.74221301, -0.58746099, 0.27210799, 0.52173102, -0.80855], "cam_t_m2c": [-45.45245043, -114.92728669, 876.69219617], "obj_bb": [279, 122, 33, 97], "obj_id": 11, "kps": [295.5817374948954, 177.362220347975, 295.04230878507246, 223.77682893779553, 293.90519270898267, 146.00068012946227, 276.8281663109983, 190.08619671120545, 272.6515927605497, 110.42724438543024, 315.8302631611667, 216.6787226247276, 318.3773269799166, 138.63135511427808, 296.9344266160885, 183.63118491659978, 296.1841989596102, 103.84485003265692]}]}, "36": {"img_name": "0036", "gt": [{"cam_R_m2c": [0.96749002, -0.19698399, 0.15862, -0.0949321, -0.86417598, -0.49415401, 0.23441599, 0.46303099, -0.85478199], "cam_t_m2c": [16.40046451, -153.49483883, 772.4863648], "obj_bb": [313, 78, 41, 108], "obj_id": 11, "kps": [334.2560301668085, 139.40837014681, 320.12062049962503, 189.55985831524566, 342.19916367639127, 105.66863964141042, 310.12780861841173, 146.885342273537, 329.0166759602125, 58.390727956603094, 344.59805713638053, 187.70109923409748, 371.67840199167136, 104.46334672792625, 333.6883338418006, 145.52660671523412, 357.1790819605079, 57.81019428095049]}]}, "37": {"img_name": "0037", "gt": [{"cam_R_m2c": [0.97661197, -0.0436663, 0.210529, 0.0536342, -0.89873099, -0.43520799, 0.208213, 0.43632099, -0.87536901], "cam_t_m2c": [43.00009273, -143.21568223, 665.42741484], "obj_bb": [331, 62, 58, 121], "obj_id": 11, "kps": [356.8277892211088, 130.86884734171005, 332.0780831818418, 185.0271037860002, 370.49280777596084, 94.04855404847589, 329.1905425376896, 134.37747473772995, 364.71624612300343, 35.81757646392861, 360.20804131464695, 187.17798362787659, 405.4933070565588, 97.97005776272454, 356.0950714500194, 136.94073411847853, 397.8416019396482, 40.25004024500129]}]}, "38": {"img_name": "0038", "gt": [{"cam_R_m2c": [0.96257502, 0.194324, 0.188912, 0.26328099, -0.83583099, -0.481736, 0.0642858, 0.51344401, -0.855712], "cam_t_m2c": [58.27459889, -84.33865829, 678.37524699], "obj_bb": [342, 118, 58, 114], "obj_id": 11, "kps": [369.2107680920529, 182.07251511858814, 338.3449792084314, 230.2775002648897, 373.70174279914676, 145.4250796999364, 348.8986471888997, 182.478570631102, 384.49147354287885, 91.7277485853308, 365.8867231140718, 237.87532374560828, 408.05573150639424, 155.28352374631837, 374.984607734242, 189.82955909316783, 416.60932782570194, 101.15880078872782]}]}, "39": {"img_name": "0039", "gt": [{"cam_R_m2c": [0.99785298, -0.0416504, -0.0505339, -0.0523334, -0.97105998, -0.233031, -0.0393656, 0.235175, -0.971156], "cam_t_m2c": [4.42108551, -102.08651918, 1020.96347724], "obj_bb": [317, 163, 22, 54], "obj_id": 11, "kps": [328.2361861803754, 188.9578416227292, 321.1306111647203, 219.45884488941584, 315.0009151988245, 190.50190867103188, 319.5331540163725, 180.92540861444553, 313.23886754018395, 145.69887929938898, 340.27990105001936, 218.42239904853992, 337.6069484247479, 189.23270432790434, 338.36539576100824, 179.85597795970108, 335.40437178614326, 144.38575753949166]}]}, "40": {"img_name": "0040", "gt": [{"cam_R_m2c": [0.99783301, -0.0210087, -0.0623518, -0.0343513, -0.97458798, -0.221357, -0.0561169, 0.22302, -0.97319698], "cam_t_m2c": [15.51225276, -121.12015517, 963.51135282], "obj_bb": [323, 146, 23, 59], "obj_id": 11, "kps": [335.0074775240005, 174.6401736765271, 327.1309698854509, 207.07121713007726, 320.4164847548636, 175.15437217388825, 326.2146326650025, 166.47856445021603, 319.45795864146345, 127.50678828406772, 347.3430140555132, 206.3046720018897, 344.5212250672641, 174.16396905002668, 346.09227064472947, 165.6453656582634, 343.0885882664215, 126.425088019093]}]}, "41": {"img_name": "0041", "gt": [{"cam_R_m2c": [0.983441, 0.17127199, -0.0592448, 0.150952, -0.95503598, -0.255187, -0.100287, 0.242018, -0.96507502], "cam_t_m2c": [56.3915537, -105.67341435, 882.06778265], "obj_bb": [349, 146, 27, 66], "obj_id": 11, "kps": [361.708182395427, 178.83612611079243, 347.2439120076815, 212.5809317163132, 344.4701666761675, 174.39426044279557, 354.6355408460246, 169.4794601901808, 353.44838982118614, 123.30598282334748, 368.99259881471323, 215.79919861868382, 370.81241722730226, 178.11558569414416, 375.99099303132937, 172.47227289046575, 379.2159423544975, 126.70697860523784]}]}, "42": {"img_name": "0042", "gt": [{"cam_R_m2c": [0.97492898, 0.22082999, -0.0273581, 0.207047, -0.94530398, -0.25205401, -0.0815228, 0.24007, -0.96732599], "cam_t_m2c": [56.42838103, -114.66654273, 865.06143561], "obj_bb": [347, 137, 30, 69], "obj_id": 11, "kps": [361.94506683858697, 171.76572761523954, 344.9101860416417, 205.53917411816195, 345.65784814735986, 165.35517981437374, 354.78563802108, 162.24914122530691, 357.59925161414225, 113.87958132779535, 366.8246228875754, 210.07270420448523, 372.3289662198096, 170.716044381111, 376.3026976172498, 166.55858259615343, 383.6840179320208, 118.91826002141829]}]}, "43": {"img_name": "0043", "gt": [{"cam_R_m2c": [0.884036, 0.46426001, 0.0542493, 0.46438199, -0.85914803, -0.214975, -0.0531962, 0.215238, -0.97511202], "cam_t_m2c": [50.97924007, -125.56130998, 763.11570162], "obj_bb": [338, 115, 44, 77], "obj_id": 11, "kps": [361.34537891880916, 154.04890223854855, 333.4286771306962, 186.0126704149815, 343.47073548384975, 140.21407238853087, 357.4220396625324, 142.32117295191, 373.09451036474707, 86.93968078114108, 355.6215774259489, 197.55351048010886, 371.2789275516024, 154.52613428708503, 379.234632653218, 153.53588176613025, 400.30790028818046, 100.75057277844144]}]}, "44": {"img_name": "0044", "gt": [{"cam_R_m2c": [0.87273502, 0.476771, 0.104988, 0.48243701, -0.80933398, -0.335013, -0.0747545, 0.34302801, -0.93634599], "cam_t_m2c": [17.77126936, -31.26782693, 676.17977335], "obj_bb": [310, 178, 51, 87], "obj_id": 11, "kps": [337.68408434891927, 222.75580190264893, 305.3743328123435, 257.70022118105226, 317.66258754121236, 205.11131192827165, 333.59550059212984, 210.32588840769847, 352.83195019597383, 147.47265597187916, 330.0118863718158, 271.4457363413313, 349.2254802377188, 222.4394565731063, 357.4781093554488, 223.42491959981555, 383.16552424116594, 163.77806573059277]}]}, "45": {"img_name": "0045", "gt": [{"cam_R_m2c": [0.829036, 0.557226, 0.0468867, 0.498386, -0.69825703, -0.51385599, -0.25359499, 0.44937199, -0.85659498], "cam_t_m2c": [-50.19618126, -20.34563716, 883.21775027], "obj_bb": [273, 193, 40, 81], "obj_id": 11, "kps": [292.68298630416075, 236.75727271775006, 270.0055591465727, 267.61212212155937, 265.5584129552303, 208.40504852230706, 297.33878000688856, 234.85713189849602, 297.94584456116, 172.30957312605807, 288.091049013915, 279.09252346219426, 286.99291504712494, 221.34422273172487, 315.0343087996806, 245.60899851790387, 318.83486340432927, 184.28908229117496]}]}, "46": {"img_name": "0046", "gt": [{"cam_R_m2c": [0.98623198, -0.15119401, 0.06698, -0.128815, -0.95639098, -0.262151, 0.103695, 0.24991401, -0.96270001], "cam_t_m2c": [27.52946286, -48.62077671, 943.28684776], "obj_bb": [326, 190, 28, 57], "obj_id": 11, "kps": [340.5194987845373, 216.83867027392907, 330.6311117410001, 249.75325219347152, 339.49318278422214, 220.6382141180725, 324.01461684102446, 208.31073018892735, 331.40970107673786, 171.90452273007296, 350.9617622009403, 247.06099585631006, 363.75291350150405, 217.55049199609584, 343.9884286172346, 205.82095363592944, 355.1631896786052, 169.09859969770525]}]}, "47": {"img_name": "0047", "gt": [{"cam_R_m2c": [0.79450899, 0.60645199, 0.0311607, 0.530388, -0.66804099, -0.52192801, -0.295708, 0.43120399, -0.85241997], "cam_t_m2c": [99.13506484, -29.90934223, 1027.21559294], "obj_bb": [359, 194, 36, 70], "obj_id": 11, "kps": [378.97381497360533, 232.3496034733977, 355.86148241913247, 258.6110103641838, 363.9173668032765, 206.2922559455441, 379.01455986216706, 231.5500247729303, 390.28863005663254, 176.94618227768655, 371.6520174612348, 269.1342619738262, 382.299436741404, 217.86998828450788, 394.55445235910634, 241.491402364036, 408.3278311241047, 187.79079949531481]}]}, "48": {"img_name": "0048", "gt": [{"cam_R_m2c": [0.82163501, 0.56996, 0.00778822, 0.48811299, -0.69646001, -0.52601302, -0.29438201, 0.435992, -0.85044098], "cam_t_m2c": [94.52769246, -32.3422598, 978.21569276], "obj_bb": [360, 190, 36, 75], "obj_id": 11, "kps": [379.2834503547811, 230.5344249005304, 356.3979240118264, 259.2885090831402, 362.384067010483, 203.7489473706325, 379.0655503348072, 229.78390445264066, 388.4258649997939, 171.60089144773323, 373.5033844578284, 269.45740914531837, 382.41205215324055, 214.93120239073772, 395.8553104220903, 239.3281567557724, 408.0190402371628, 181.98957769118982]}]}, "49": {"img_name": "0049", "gt": [{"cam_R_m2c": [0.949238, 0.291482, -0.118258, 0.18797401, -0.82707298, -0.52973199, -0.252215, 0.48061201, -0.83987999], "cam_t_m2c": [71.27661284, -15.58859467, 866.30944923], "obj_bb": [358, 194, 32, 85], "obj_id": 11, "kps": [373.00046083852294, 240.00790712067715, 357.89142001979604, 278.60015876825213, 348.9616215788278, 218.05693283441198, 370.1241421620288, 238.79000020679064, 363.77633867161904, 173.94793094956432, 380.0147645949102, 283.2942854367497, 375.14571332538554, 222.90760123953308, 391.49757839685185, 242.91288080569745, 388.91726500415473, 178.068176626715]}]}, "50": {"img_name": "0050", "gt": [{"cam_R_m2c": [0.98280501, 0.0718093, -0.17010801, -0.0173247, -0.88134998, -0.472146, -0.18382999, 0.46697399, -0.86495203], "cam_t_m2c": [31.7700088, -36.93312615, 782.75121082], "obj_bb": [333, 175, 35, 90], "obj_id": 11, "kps": [350.6383107134429, 223.60890067204858, 342.66956281638323, 268.2509676171938, 322.1486983931511, 206.38854402871922, 345.5905072150331, 222.38843116365678, 326.69085104390604, 154.21267596993428, 367.5227931775061, 268.0260451359712, 352.2119751834219, 205.50630487796315, 369.43034175498883, 221.81796772207943, 355.2842126135412, 152.8875444272858]}]}, "51": {"img_name": "0051", "gt": [{"cam_R_m2c": [0.92180502, -0.299153, -0.24654099, -0.37484899, -0.84997201, -0.37018499, -0.0988105, 0.43365401, -0.89564502], "cam_t_m2c": [-50.06868151, -77.87904115, 678.82623345], "obj_bb": [253, 132, 66, 99], "obj_id": 11, "kps": [288.92979378544607, 185.42338647988885, 298.96827297706886, 237.4692661322168, 250.43561846522633, 173.68259915124355, 282.90736186666976, 188.68132153366187, 233.00865181682178, 116.19071920186033, 325.11070399657996, 226.74176748182788, 283.21957918279946, 159.7085888032028, 307.8297208579762, 178.19395517878732, 263.89441874140954, 102.64371902705888]}]}, "52": {"img_name": "0052", "gt": [{"cam_R_m2c": [0.91546601, 0.40232399, -0.00753104, 0.381246, -0.87318802, -0.303635, -0.128736, 0.27509701, -0.95275903], "cam_t_m2c": [-11.05130308, -37.30054517, 1025.1689411], "obj_bb": [305, 200, 30, 54], "obj_id": 11, "kps": [319.241043741419, 225.48890063163682, 302.9339947068614, 250.3627499625933, 298.20290950095983, 219.62101157928797, 319.36350680305736, 215.40185506748685, 317.56833752338827, 179.3271591811247, 320.42010203168934, 257.7357432217182, 318.7615582727296, 228.1433767830532, 336.5835395818841, 222.48519581646474, 337.76025189587256, 187.457344692072]}]}, "53": {"img_name": "0053", "gt": [{"cam_R_m2c": [0.89442402, 0.44688201, -0.0173932, 0.42093301, -0.85434997, -0.30479601, -0.151068, 0.265295, -0.952259], "cam_t_m2c": [-1.71806792, -55.67104926, 974.4364577], "obj_bb": [308, 185, 33, 59], "obj_id": 11, "kps": [324.43099642883914, 214.0897612224564, 306.69163578031305, 239.97133817106322, 301.29206121373636, 205.4314858136371, 325.6683964253609, 204.34507361560628, 323.84179903289197, 164.1169476928216, 324.6076018643386, 248.45550958797554, 322.5279637584888, 215.28599272991073, 343.3355290883643, 212.47887106636412, 344.729157947825, 173.49045825124657]}]}, "54": {"img_name": "0054", "gt": [{"cam_R_m2c": [0.78797001, 0.61458302, 0.0372919, 0.59306902, -0.74132299, -0.314181, -0.165445, 0.26968199, -0.94863099], "cam_t_m2c": [23.61433618, -70.17841609, 874.35141495], "obj_bb": [318, 168, 42, 67], "obj_id": 11, "kps": [339.70151806767905, 201.81460132942195, 314.40051832435665, 226.9019296545222, 316.8319915045988, 184.06262165371143, 342.8798251978215, 193.092208751439, 351.04114430401086, 144.49162088608531, 331.89850741361045, 240.05370697958116, 338.03208387913355, 199.64854051571072, 360.17608795833064, 205.74430914238746, 371.94449093775273, 159.36778116942037]}]}, "55": {"img_name": "0055", "gt": [{"cam_R_m2c": [0.80913699, 0.58311701, 0.0726079, 0.56906998, -0.74678701, -0.34419301, -0.14648201, 0.319819, -0.93608701], "cam_t_m2c": [-2.41735827, -57.45333713, 780.15836721], "obj_bb": [298, 166, 46, 78], "obj_id": 11, "kps": [322.230406493992, 206.68328647530828, 294.1621392089361, 235.92702652611345, 297.2826128454706, 185.0105618617605, 324.70911348778714, 198.03516037854067, 334.63781516899354, 140.31337502371912, 314.07038224342494, 250.05737559888394, 321.92291577538947, 202.08185880234197, 344.236716036144, 211.52735554872362, 358.6960803398564, 156.44599873774192]}]}, "56": {"img_name": "0056", "gt": [{"cam_R_m2c": [0.82094902, 0.56880701, 0.050004, 0.54754102, -0.75935102, -0.351547, -0.161992, 0.31598201, -0.934834], "cam_t_m2c": [-1.17472518, -55.82561653, 773.62463177], "obj_bb": [300, 166, 46, 80], "obj_id": 11, "kps": [323.48139149376163, 207.69256502592964, 296.3288314303918, 238.01840166767226, 296.7272927796542, 186.0854296174345, 326.2989712358272, 199.13655657010415, 333.5210888388196, 140.13738012021005, 316.688003846655, 251.73316903442415, 321.94422434128654, 202.61429550959397, 346.2845959879802, 212.19286407224556, 358.16611916806437, 155.6978220715927]}]}, "57": {"img_name": "0057", "gt": [{"cam_R_m2c": [0.95072699, 0.30011499, -0.0777719, 0.254049, -0.89793301, -0.359411, -0.177699, 0.321944, -0.92993301], "cam_t_m2c": [-32.02285219, -49.47460364, 677.41916076], "obj_bb": [278, 159, 47, 94], "obj_id": 11, "kps": [300.42929132211293, 208.3597919372007, 283.62620854458356, 251.1495531645264, 259.15444767832037, 193.0288123251628, 302.2674069742929, 199.01294882496185, 283.6848028806685, 129.59811833090072, 310.1933793377056, 258.4411638801038, 292.7920966983534, 201.6839203054027, 328.12489332327806, 205.62272564971926, 316.19572388850656, 137.21275743544643]}]}, "58": {"img_name": "0058", "gt": [{"cam_R_m2c": [0.69019598, 0.71547002, -0.108314, 0.62368202, -0.664074, -0.412343, -0.36694801, 0.217044, -0.904567], "cam_t_m2c": [85.66037133, -50.84318466, 1023.26110219], "obj_bb": [355, 187, 38, 62], "obj_id": 11, "kps": [373.5521397358547, 219.39955552438752, 353.6247035064606, 241.6264102995005, 346.9670808474914, 198.23133038225768, 381.75460074639744, 215.07149999538817, 379.7933653966445, 168.11731319398868, 367.3324327016357, 253.71438268554687, 362.88268612256644, 211.7225504157973, 395.59592866417006, 226.64991463656938, 395.8920547269141, 180.93914523025788]}]}, "59": {"img_name": "0059", "gt": [{"cam_R_m2c": [0.74720299, 0.65766197, -0.095754, 0.54493099, -0.688748, -0.478201, -0.380445, 0.30513299, -0.87301499], "cam_t_m2c": [35.3301742, -6.14586843, 979.43015982], "obj_bb": [328, 209, 39, 68], "obj_id": 11, "kps": [346.720903953721, 244.9236552271076, 327.5945874434869, 270.446588437097, 317.45100550941396, 222.492103735568, 354.84301094040455, 241.16985235117417, 349.4152025133346, 189.66376573591572, 342.7861710021397, 281.9081027617625, 335.07190114837937, 235.1503535177125, 370.05320820107585, 251.9884606206631, 367.0667816506545, 201.48651537424306]}]}, "60": {"img_name": "0060", "gt": [{"cam_R_m2c": [0.86104399, 0.46906701, -0.19641501, 0.360365, -0.83534098, -0.415142, -0.358803, 0.28667501, -0.88830101], "cam_t_m2c": [5.13239765, -48.24371998, 870.49079914], "obj_bb": [310, 177, 45, 77], "obj_id": 11, "kps": [331.45315431921813, 217.2484465463589, 317.99437660185566, 250.283563439162, 291.96009639066403, 199.74179156973693, 339.82781098025396, 211.4320976626358, 318.6400215101907, 154.9308968864753, 337.3629333066812, 258.5660473663797, 314.7182728557252, 208.80463033878945, 359.0443642067605, 218.9825353063074, 341.2021730143007, 163.0007414515724]}]}, "61": {"img_name": "0061", "gt": [{"cam_R_m2c": [0.90763599, 0.28198001, -0.31094, 0.159321, -0.91675198, -0.36631101, -0.388347, 0.282938, -0.877002], "cam_t_m2c": [-15.65413512, -45.6516782, 748.61358908], "obj_bb": [287, 171, 62, 84], "obj_id": 11, "kps": [318.9709749749141, 214.40751687741394, 313.79942210132685, 255.16805290765814, 265.2218977329497, 203.86189367314242, 329.01622404086476, 206.22948412041694, 285.3252103541908, 145.82496481924414, 337.25955359792556, 259.5621442503528, 293.05491000458534, 208.1556541823649, 352.11433207873307, 209.6641193326902, 312.6757296675223, 148.75592308372424]}]}, "62": {"img_name": "0062", "gt": [{"cam_R_m2c": [0.99505597, 0.0952103, -0.028265, 0.072665, -0.89192599, -0.44630501, -0.0677031, 0.44204399, -0.89443499], "cam_t_m2c": [-42.44376535, -45.52158694, 1028.21800794], "obj_bb": [291, 188, 24, 67], "obj_id": 11, "kps": [302.37560952585847, 222.8963892600951, 292.69965124698876, 255.9647064535093, 284.32593735415736, 210.94945549741286, 297.4724533733059, 220.0969299339122, 290.1571103950035, 170.96077938513028, 311.8659102460596, 257.4044515743231, 306.64696937273993, 212.50784261886633, 316.06104214059155, 221.41297295996966, 311.6985393766231, 172.360869556343]}]}, "63": {"img_name": "0063", "gt": [{"cam_R_m2c": [0.84206301, -0.53907698, -0.0180756, -0.46026799, -0.70068002, -0.54516202, 0.28121901, 0.46737999, -0.83813602], "cam_t_m2c": [139.3986027, -40.81804089, 1022.65701631], "obj_bb": [382, 187, 37, 73], "obj_id": 11, "kps": [401.93401495356704, 226.70426555858975, 403.5010365814714, 264.53681100375866, 413.7984794196376, 209.75021546551085, 379.2482537865801, 235.55786265469368, 385.5098502210419, 178.483688303434, 419.1120719007085, 255.36302632655256, 431.7