{"class": 12, "diam": 145.54287471, "obj_name": "holepuncher", "img_path": "../../dataset/Linemod_preprocessed/data/12/rgb", "depth_path": "../../dataset/Linemod_preprocessed/data/12/depth", "mask_path": "../../dataset/Linemod_preprocessed/data/12/mask", "trainlist": "../../dataset/Linemod_preprocessed/data/12/train.txt", "testlist": "../../dataset/Linemod_preprocessed/data/12/test.txt", "gt_num": 1237, "0": {"img_name": "0000", "gt": [{"cam_R_m2c": [0.0829344, -0.99627799, -0.0234999, -0.84713602, -0.0580604, -0.52819502, 0.52486402, 0.0637131, -0.84879798], "cam_t_m2c": [8.52285854, 7.87889871, 1059.71735479], "obj_bb": [299, 213, 59, 66], "obj_id": 12, "kps": [328.49550700960503, 249.750210429257, 357.1162147539811, 283.7876155189876, 358.3608004040248, 259.28150338677693, 299.3668958589046, 280.158947397764, 296.1438773483091, 255.54237058913623, 359.8832508194301, 238.09778846525833, 361.2689529486817, 211.4621096300907, 304.82749304137013, 234.91938836820503, 302.167229049741, 208.2258299241463]}]}, "1": {"img_name": "0001", "gt": [{"cam_R_m2c": [0.0393288, -0.99846399, -0.0390235, -0.844675, -0.0123561, -0.535137, 0.53383303, 0.0540085, -0.84386402], "cam_t_m2c": [-9.65575732, 18.3933212, 1012.37815133], "obj_bb": [288, 218, 62, 68], "obj_id": 12, "kps": [318.54874413079085, 256.12688646344407, 350.09989543190807, 290.35124306891026, 349.96748259030073, 264.7541521667295, 289.56066212737767, 289.326623007227, 284.5465849145051, 263.80477251273896, 350.9684847355851, 242.44934597135716, 350.9098999000374, 214.5560214747251, 293.44196916161815, 241.7355652434516, 288.99311451714624, 213.950571801397]}]}, "2": {"img_name": "0002", "gt": [{"cam_R_m2c": [0.0348378, -0.99878401, -0.0348784, -0.86340803, -0.0125034, -0.50435197, 0.50330299, 0.0476848, -0.86279303], "cam_t_m2c": [-18.01477246, -7.78347363, 927.43155622], "obj_bb": [280, 200, 67, 74], "obj_id": 12, "kps": [312.7933061511643, 241.20516398912545, 347.21157909707847, 278.3138216421442, 347.10328076616923, 251.0836655153814, 281.368259704252, 277.29060043574424, 275.30045173636336, 250.1306021245085, 348.1184655327206, 225.95541941529547, 348.0941856120542, 195.740646641543, 285.63199080044603, 225.25679896942248, 280.2650212016384, 195.15290355585452]}]}, "3": {"img_name": "0003", "gt": [{"cam_R_m2c": [0.0306177, -0.99903202, -0.0316001, -0.86737901, -0.0108457, -0.49753001, 0.496705, 0.0426425, -0.866871], "cam_t_m2c": [-21.65797711, -8.0322346, 912.90493001], "obj_bb": [277, 199, 68, 75], "obj_id": 12, "kps": [310.31768155411027, 241.02029812718553, 345.3307550184726, 278.574488212576, 345.25666514309535, 251.35040934009186, 278.4814529369091, 277.6665734949912, 272.2232402908146, 250.50654066095865, 346.11273345325253, 225.21843818345567, 346.1114589042406, 194.83074907969663, 282.67931248891904, 224.6089557207873, 277.1359592613514, 194.32407026841935]}]}, "4": {"img_name": "0004", "gt": [{"cam_R_m2c": [-0.00071771, -0.99886501, -0.0476269, -0.870067, 0.0241006, -0.49234399, 0.49293301, 0.0410852, -0.86909699], "cam_t_m2c": [-46.2602792, 10.97684177, 811.24154473], "obj_bb": [253, 207, 79, 84], "obj_id": 12, "kps": [291.33183793575535, 254.3096590500908, 332.29813433754856, 294.9148413556036, 329.7197664327716, 266.0847134559511, 257.3450409962401, 296.4414670913449, 246.88657915121286, 267.94369805693634, 331.84996103967416, 234.25475236501276, 329.3884800929745, 201.20371263337046, 261.1455748779172, 236.00293285431368, 251.71358208431874, 203.3089997769621]}]}, "5": {"img_name": "0005", "gt": [{"cam_R_m2c": [0.0338152, -0.99903798, -0.0279143, -0.89823598, -0.0181332, -0.439138, 0.43821001, 0.0399232, -0.89798599], "cam_t_m2c": [-53.76359321, 2.33461426, 727.97498539], "obj_bb": [238, 197, 88, 92], "obj_id": 12, "kps": [281.4264932501273, 248.6622735998491, 325.2566851822999, 294.87464574630394, 323.0676272140192, 266.87322238587245, 242.39771236491148, 293.0620786274519, 230.0978604433931, 265.02093800257546, 327.7329662157008, 226.00921410216634, 325.9662925087061, 191.81791260335686, 249.47980259220188, 224.67384838957602, 238.7558694698738, 190.53767073304223]}]}, "6": {"img_name": "0006", "gt": [{"cam_R_m2c": [0.0511925, -0.99580699, -0.0758183, -0.91466498, -0.0162703, -0.40388501, 0.400958, 0.0900242, -0.91166198], "cam_t_m2c": [-47.04360922, -42.90577019, 707.9479766], "obj_bb": [242, 158, 90, 96], "obj_id": 12, "kps": [285.81673384749405, 212.29837862869596, 331.4554473972958, 259.830825734166, 326.1114656172925, 229.3335436403943, 247.11563915452663, 258.21474816599334, 231.13101350780676, 227.96945709350302, 334.9938705636582, 189.67393184344627, 330.396449569175, 152.46915998285644, 255.0147656637917, 189.02708851267653, 240.91035906617705, 152.2702876715111]}]}, "7": {"img_name": "0007", "gt": [{"cam_R_m2c": [-0.0361307, -0.99927902, -0.0116266, -0.92661399, 0.037856, -0.37410301, 0.374273, -0.00274321, -0.92731398], "cam_t_m2c": [-46.19647024, -9.98334353, 685.8784818], "obj_bb": [239, 184, 94, 96], "obj_id": 12, "kps": [285.1745316514304, 238.678679998236, 333.62502544502917, 283.85028901454825, 333.7849355885323, 258.3103331269569, 246.090416883997, 287.1907867407477, 234.45300267820605, 262.08887631683535, 330.4090696347651, 209.95797603528032, 330.1513288374869, 176.486053854902, 247.29962623329487, 213.1000989406207, 236.47916562717734, 180.01248051607072]}]}, "8": {"img_name": "0008", "gt": [{"cam_R_m2c": [-0.0324542, -0.99934697, -0.0158955, -0.93247002, 0.0359997, -0.359449, 0.359786, 0.00315647, -0.93303001], "cam_t_m2c": [-47.44148633, -21.51309697, 688.87857254], "obj_bb": [239, 175, 93, 95], "obj_id": 12, "kps": [284.33782107409183, 229.09501696532894, 332.59198991353236, 274.1423696683175, 332.26549877889016, 248.67073170298056, 245.57345049079524, 277.26786871585085, 233.51817760197767, 252.2313855942839, 329.7352633171757, 200.56747907353034, 329.0623921704892, 167.10689264622437, 246.93197783590307, 203.57523891034498, 235.70799728106908, 170.51516125799202]}]}, "9": {"img_name": "0009", "gt": [{"cam_R_m2c": [0.198521, -0.974545, -0.104171, -0.704992, -0.0681533, -0.70593297, 0.68086302, 0.21358199, -0.70057702], "cam_t_m2c": [147.97747959, 17.46911743, 1050.12698996], "obj_bb": [375, 218, 60, 68], "obj_id": 12, "kps": [404.44113216878446, 255.38006765135262, 433.31205594507134, 291.20005893550945, 434.8125840916579, 256.60637869901586, 373.80541474853715, 286.12043830691124, 371.46878147529793, 252.00740392731095, 436.97131149913946, 251.21473046219566, 438.59642335958387, 216.46035563461464, 381.013642029437, 247.26601044740124, 379.2586730196621, 213.0323538568919]}]}, "10": {"img_name": "0010", "gt": [{"cam_R_m2c": [0.213195, -0.97507, -0.0615389, -0.715514, -0.112934, -0.68940997, 0.66527301, 0.19101, -0.721753], "cam_t_m2c": [120.19561102, 7.74788225, 1010.04138626], "obj_bb": [360, 211, 64, 71], "obj_id": 12, "kps": [391.674192149087, 250.3015619873636, 419.889293693257, 288.7131790605257, 423.1067195543767, 253.52127715112914, 358.57408757537786, 280.87193374546354, 357.50990786350843, 245.9058417685771, 425.48083794168423, 246.93468453511562, 428.84868884803205, 211.36700626432, 367.84591192144273, 240.37444395139147, 367.44669465161195, 205.1075687184292]}]}, "11": {"img_name": "0011", "gt": [{"cam_R_m2c": [0.213315, -0.97682798, -0.0174583, -0.71814102, -0.144658, -0.68069601, 0.66239703, 0.15774, -0.73235798], "cam_t_m2c": [60.54663361, 22.02057042, 907.72192002], "obj_bb": [326, 216, 72, 80], "obj_id": 12, "kps": [361.45159233010486, 260.14482639491797, 391.2063709553519, 303.9342998546895, 395.38394895959885, 266.2941103187476, 323.75361276429607, 292.9517292438907, 322.5676190015567, 255.2101597871524, 399.3981237705046, 256.6258693015778, 403.87098593795463, 218.28459003656522, 336.3886814255926, 247.21367849171412, 336.2059847123691, 208.90545301065433]}]}, "12": {"img_name": "0012", "gt": [{"cam_R_m2c": [-0.0659143, -0.97855002, -0.195178, -0.72849101, 0.180861, -0.66074902, 0.68187702, 0.0986328, -0.724787], "cam_t_m2c": [7.05595702, 48.16815098, 810.19293781], "obj_bb": [288, 232, 86, 90], "obj_id": 12, "kps": [329.6575439018826, 281.2594282998431, 376.79614586589037, 317.08937351158335, 367.640291132679, 277.12751901004776, 301.464059703557, 329.92892412173893, 285.81341326620793, 291.66789109160976, 368.36662080459797, 262.8353717207129, 359.3039121101435, 221.85484071172115, 299.0067384452982, 275.3320759471155, 284.4759195963531, 235.89488663830795]}]}, "13": {"img_name": "0013", "gt": [{"cam_R_m2c": [-0.110824, -0.971012, -0.211785, -0.79939198, 0.213707, -0.561517, 0.5905, 0.10707, -0.79990399], "cam_t_m2c": [-13.23542552, -1.14117016, 715.87648328], "obj_bb": [266, 190, 100, 102], "obj_id": 12, "kps": [314.3085832817679, 246.78692653020698, 368.911832310933, 284.53699905468284, 356.7417555950536, 243.91686634402407, 285.40374968651906, 302.121894900326, 264.1975472783496, 264.1697552081303, 357.31584039011506, 221.67839701302017, 344.9791651820495, 178.00856068103468, 280.2938194095552, 238.86040159084243, 260.3351801960857, 197.64492881303727]}]}, "14": {"img_name": "0014", "gt": [{"cam_R_m2c": [0.352429, -0.91143101, -0.212336, -0.64550501, -0.0724729, -0.76030999, 0.67758101, 0.40501899, -0.61387497], "cam_t_m2c": [161.57577108, 59.92005772, 1049.64038147], "obj_bb": [381, 241, 63, 69], "obj_id": 12, "kps": [412.03499700668254, 278.59707219069895, 438.9643318422981, 315.5769401918589, 434.09869262827044, 278.8143467399613, 381.1395625978847, 308.3103619527454, 373.29309550850945, 272.7467369938246, 450.5084363344638, 276.6867976263069, 446.5868012489522, 240.25820302383158, 395.72301700476874, 271.36586471521747, 389.12827444935743, 236.14719660950013]}]}, "15": {"img_name": "0015", "gt": [{"cam_R_m2c": [0.37221599, -0.90829098, -0.190951, -0.64908999, -0.10768, -0.753052, 0.66342902, 0.40424201, -0.62964302], "cam_t_m2c": [146.37458891, 47.1055578, 1006.66878693], "obj_bb": [374, 233, 66, 73], "obj_id": 12, "kps": [406.97942640071426, 272.79850450339825, 433.6500257158621, 312.22092284343915, 429.609759775233, 274.06363267365253, 373.9039191179358, 302.66880859952715, 366.51298421160647, 265.67797314765136, 447.2540278183097, 271.85264454450635, 444.2729418462536, 233.94395619118478, 390.62740176755614, 264.5100889816631, 384.6402671313082, 227.80399302707545]}]}, "16": {"img_name": "0016", "gt": [{"cam_R_m2c": [0.51020402, -0.85948098, 0.0313933, -0.59529698, -0.379253, -0.70837098, 0.62073702, 0.34272501, -0.70514202], "cam_t_m2c": [83.87361771, -14.44368384, 911.1481305], "obj_bb": [338, 191, 80, 86], "obj_id": 12, "kps": [375.19495794944356, 236.6700924395431, 391.4810350856456, 285.91763636152393, 398.56172759365694, 244.81525454340368, 331.4661258394167, 258.79888828399856, 333.80790766129314, 217.4564918134983, 417.96645756645023, 247.00604677379403, 426.45136136585074, 205.9963255800119, 360.7444842300057, 223.05447828436473, 364.9461967036249, 182.0354861508586]}]}, "17": {"img_name": "0017", "gt": [{"cam_R_m2c": [0.24481, -0.94700998, -0.20794301, -0.73247498, -0.0401224, -0.67961103, 0.63525498, 0.31868899, -0.70348299], "cam_t_m2c": [2.416815, -6.17781827, 815.01059392], "obj_bb": [286, 194, 81, 88], "obj_id": 12, "kps": [325.68863731989364, 242.62178892384395, 361.77682369100614, 287.92941255059014, 350.22593510823083, 243.68535290575147, 289.5860926789631, 283.022804198616, 272.55324057932455, 240.361949924643, 375.46751650821585, 235.32900201005413, 365.94062184558817, 190.42773538859902, 307.91069158004046, 232.80246618931054, 293.5954249949317, 189.5724478747566]}]}, "18": {"img_name": "0018", "gt": [{"cam_R_m2c": [0.136627, -0.92957997, -0.34236601, -0.78467202, 0.109401, -0.61018097, 0.60466701, 0.35201201, -0.71446902], "cam_t_m2c": [-14.14373107, -6.10390047, 736.4105322], "obj_bb": [271, 189, 90, 96], "obj_id": 12, "kps": [313.9295394058093, 242.81664662361172, 361.02321225490743, 286.10480460254166, 337.37558342987825, 241.90958904634672, 283.00094488506096, 292.87167069994763, 253.3489323193374, 251.74749923704096, 368.3394315202838, 224.4663474353986, 347.37180707997004, 178.45020086653986, 295.79121410558287, 233.605160073567, 269.640701335944, 190.70793373148337]}]}, "19": {"img_name": "0019", "gt": [{"cam_R_m2c": [0.15950701, -0.930704, -0.329162, -0.79812503, 0.0746561, -0.59784901, 0.58099401, 0.358073, -0.73091], "cam_t_m2c": [-6.36844821, -17.16858511, 724.86705539], "obj_bb": [276, 179, 91, 98], "obj_id": 12, "kps": [319.728865831708, 234.0261329408304, 366.4325663769295, 279.3946739004277, 344.0735304375669, 234.8227276256538, 287.0375269735241, 283.6651405448252, 258.2242093350713, 242.04864548354234, 375.2850940033506, 216.40280826610376, 355.63156381300365, 169.59591477474154, 301.23205859139597, 223.39632474828682, 275.97206895480485, 179.6722602890177]}]}, "20": {"img_name": "0020", "gt": [{"cam_R_m2c": [0.18986, -0.93080902, -0.31232601, -0.80200797, 0.0364621, -0.59619898, 0.56633598, 0.36368299, -0.73959398], "cam_t_m2c": [-4.05162184, -28.3926079, 714.89190238], "obj_bb": [277, 170, 92, 98], "obj_id": 12, "kps": [321.3228701893841, 224.8859937130112, 366.9924697763622, 272.484353948529, 345.7755709949129, 226.66208591190042, 286.6084460897861, 273.92848950439236, 258.60912411727054, 230.9391276758119, 378.32194585853165, 208.9063346768617, 359.963962089213, 160.69116134094386, 303.14121148944395, 213.3955030957345, 278.85624884148984, 168.2010729025436]}]}, "21": {"img_name": "0021", "gt": [{"cam_R_m2c": [0.489746, -0.86987698, -0.05885, -0.77927703, -0.406468, -0.47698101, 0.39099401, 0.27946001, -0.87694103], "cam_t_m2c": [54.04515861, -11.17410207, 1060.22915534], "obj_bb": [320, 199, 67, 74], "obj_id": 12, "kps": [352.4307404834928, 238.72045836126946, 367.823767823001, 280.7341256135613, 368.1589970992797, 258.65376492892216, 317.33065022443776, 256.5732563421137, 313.6980400188259, 233.25812043489694, 391.90798512816735, 238.52914674716652, 394.1013131751168, 214.01982842067872, 342.52642106604264, 216.33557917748072, 340.93070976139904, 190.85586916444734]}]}, "22": {"img_name": "0022", "gt": [{"cam_R_m2c": [0.48517901, -0.87156099, -0.070586, -0.77497202, -0.39120999, -0.49636099, 0.40499499, 0.295526, -0.865242], "cam_t_m2c": [39.73716932, -5.96161874, 1010.06379005], "obj_bb": [312, 200, 70, 78], "obj_id": 12, "kps": [345.7558943195933, 241.58369432965156, 362.41745535172714, 285.5888815295427, 361.61521100334346, 261.5822235758596, 309.4774135365135, 260.95482549129326, 304.39792869559625, 235.74201414970605, 387.56644958241793, 241.34307325136052, 388.82391214761043, 214.7776686045813, 335.875902785761, 218.94257028566588, 333.0615246182029, 191.47560795717638]}]}, "23": {"img_name": "0023", "gt": [{"cam_R_m2c": [0.30210501, -0.93996, -0.15877099, -0.848544, -0.189262, -0.49411801, 0.43440199, 0.283999, -0.85477501], "cam_t_m2c": [10.75416901, -4.5858243, 911.79459015], "obj_bb": [294, 199, 74, 80], "obj_id": 12, "kps": [330.53071411647727, 242.85523325552435, 358.9273268983945, 286.58789066580835, 352.1792441639589, 259.93025801134075, 295.99562816311334, 272.6589101875169, 283.8505165663675, 245.70158817776272, 375.6139635730689, 233.24591171306986, 370.6747046136787, 203.209328036456, 314.95357026893674, 221.5985696437711, 305.0095436450238, 191.58563360189652]}]}, "24": {"img_name": "0024", "gt": [{"cam_R_m2c": [0.40823099, -0.90940702, -0.0795385, -0.82952797, -0.33317399, -0.44819501, 0.38109201, 0.24894699, -0.89038998], "cam_t_m2c": [-11.70619696, -43.32276221, 809.86052899], "obj_bb": [273, 164, 85, 95], "obj_id": 12, "kps": [314.8249962366797, 215.188897961532, 339.7164337966059, 267.9677795048, 335.69131997983663, 239.12783791108828, 272.3811099231139, 242.58939428570207, 261.3702133835704, 212.08285610035912, 366.608037391102, 210.7270984770611, 365.58731690824317, 177.34750529534313, 301.3820085860104, 188.2046250712112, 293.8217580134431, 153.6790081270231]}]}, "25": {"img_name": "0025", "gt": [{"cam_R_m2c": [0.121819, -0.96207303, -0.244082, -0.91647297, -0.014607, -0.399829, 0.38109899, 0.27240199, -0.88349301], "cam_t_m2c": [-25.69601301, -21.46424501, 712.90610033], "obj_bb": [260, 177, 91, 94], "obj_id": 12, "kps": [303.8506954980499, 229.6370854110088, 350.2837110407996, 276.9178840066201, 333.566571575059, 248.6991629721927, 269.47762705701587, 274.32688159354467, 243.8006648549713, 247.0450147831164, 358.30111493970406, 205.1342038026647, 343.48272014411157, 170.014539098103, 281.14157800419105, 205.36546359677493, 258.1852409090986, 171.74057959210225]}]}, "26": {"img_name": "0026", "gt": [{"cam_R_m2c": [0.0365325, -0.97226399, -0.231014, -0.95097297, 0.0372183, -0.307026, 0.307109, 0.230905, -0.92323703], "cam_t_m2c": [-51.20619315, -47.51502422, 708.84422309], "obj_bb": [237, 156, 95, 92], "obj_id": 12, "kps": [283.4621355013257, 208.3732959763262, 333.32593461943316, 251.87040249991816, 315.59128292965875, 228.13213431938007, 252.3083686208502, 254.63863789526093, 225.013858767548, 232.1455641288384, 335.7934802307838, 178.4569259705094, 319.1878665368484, 146.6297004128354, 257.9198092345988, 183.47666711236906, 232.51909411638917, 153.4023170909677]}]}, "27": {"img_name": "0027", "gt": [{"cam_R_m2c": [0.0267631, -0.96847099, -0.247686, -0.95396501, 0.0492985, -0.29583901, 0.298722, 0.244202, -0.92256802], "cam_t_m2c": [-43.92184729, -49.08128117, 713.89335067], "obj_bb": [243, 155, 96, 92], "obj_id": 12, "kps": [289.67701528843685, 207.3375872122488, 339.8268163009888, 249.77360298481724, 321.7229675064639, 226.8429798103665, 259.54007717069993, 253.5711861053682, 232.11661557863707, 232.02177536906305, 341.287454529511, 176.6014057878779, 324.17489379597265, 145.59974626741734, 264.03725624827234, 182.72557351963064, 238.3318497002875, 153.6293309032498]}]}, "28": {"img_name": "0028", "gt": [{"cam_R_m2c": [0.226548, -0.96730298, -0.114023, -0.88641298, -0.15624, -0.43573001, 0.403667, 0.19978499, -0.89282602], "cam_t_m2c": [76.14187807, 52.74377127, 1050.09457209], "obj_bb": [335, 237, 61, 67], "obj_id": 12, "kps": [365.28171175296757, 273.8364122908756, 391.37533279631293, 310.11105891995334, 390.796249394012, 292.55595341673774, 334.4822397476428, 299.7529114634179, 329.3036294052555, 281.7386275532964, 400.8199137146299, 260.9676957232889, 401.0152921049198, 240.20476002325697, 345.80968632265797, 251.93512538183703, 341.71605107762497, 230.90104287161319]}]}, "29": {"img_name": "0029", "gt": [{"cam_R_m2c": [0.206689, -0.96750498, -0.145649, -0.906416, -0.133302, -0.40079901, 0.36836001, 0.21486001, -0.90451401], "cam_t_m2c": [79.98241563, 25.66171759, 1000.81788948], "obj_bb": [338, 222, 64, 69], "obj_id": 12, "kps": [369.5760782579818, 259.8868711841722, 398.0565930227619, 296.9386106980561, 396.3445015257387, 279.3320061521336, 338.3596243263544, 287.6869797225403, 331.54378211005246, 269.71368122713693, 406.8578656688888, 244.98368451489176, 405.9593578218753, 223.63981232633682, 349.0388095934133, 237.18242694103625, 343.3647740282805, 215.69395225464265]}]}, "30": {"img_name": "0030", "gt": [{"cam_R_m2c": [0.23436999, -0.95745897, -0.16835, -0.88788903, -0.140302, -0.438142, 0.39588299, 0.25216401, -0.88300002], "cam_t_m2c": [67.4607903, 32.87847379, 907.96009262], "obj_bb": [331, 224, 71, 77], "obj_id": 12, "kps": [366.28188942956837, 266.33720278433054, 397.38981741217077, 308.01837624756877, 393.8332568957273, 287.00559652892537, 332.154066669755, 296.83084452516385, 322.63978340925934, 275.4442329652198, 408.55347021696747, 251.420418246634, 406.18331386019753, 226.17664447333942, 345.6606746771388, 242.26537894278937, 337.7691035089965, 216.97349455522158]}]}, "31": {"img_name": "0031", "gt": [{"cam_R_m2c": [-0.14913601, -0.97190398, -0.182101, -0.63125402, 0.235329, -0.739012, 0.76110202, 0.00473849, -0.648615], "cam_t_m2c": [47.64472559, 37.70584521, 1059.00148356], "obj_bb": [318, 228, 68, 71], "obj_id": 12, "kps": [350.6695129941411, 266.5856411645018, 388.5980030720723, 291.4039015618547, 382.81085258218684, 255.49612684183137, 331.09838281506194, 305.3229065818102, 321.898524625384, 270.26059714773857, 376.63628510925656, 255.61602154951188, 370.6055202219171, 220.31657964342796, 323.0594008603733, 268.6030899366199, 314.07763737642347, 234.03666453886035]}]}, "32": {"img_name": "0032", "gt": [{"cam_R_m2c": [-0.157232, -0.97115499, -0.179268, -0.63228202, 0.238437, -0.73713398, 0.75861597, -0.00255331, -0.65153402], "cam_t_m2c": [33.71436381, 55.067713, 1009.84908685], "obj_bb": [309, 237, 72, 74], "obj_id": 12, "kps": [344.0265875448672, 277.6250089719796, 383.8389489889384, 303.6240648160341, 377.6275366370712, 266.742783890067, 323.6032742792855, 318.46404105426336, 313.6065777625174, 282.5040247199083, 371.2551060630596, 265.30608660745554, 364.7795662511558, 228.97046327290033, 315.29452206133624, 279.0821810173841, 305.56644167283673, 243.53693401040593]}]}, "33": {"img_name": "0033", "gt": [{"cam_R_m2c": [0.00551076, -0.99834198, -0.0572936, -0.70107502, 0.0369982, -0.71212697, 0.71306598, 0.0440915, -0.699709], "cam_t_m2c": [52.15613859, 25.8355598, 914.75494787], "obj_bb": [324, 220, 69, 77], "obj_id": 12, "kps": [356.5692632999514, 262.76260014191956, 393.73530848538473, 299.85317893368324, 395.3603809655044, 260.29106661656544, 325.4621950228163, 302.0722634059624, 321.97147168255333, 262.898942541963, 389.033981978846, 254.21802112308717, 390.2056236961338, 214.5977787584483, 325.7706335238092, 256.4966751642915, 322.5737373762839, 217.23927670024491]}]}, "34": {"img_name": "0034", "gt": [{"cam_R_m2c": [0.73882502, -0.67179698, 0.0531542, -0.52717602, -0.625301, -0.57539898, 0.41978899, 0.397098, -0.81614399], "cam_t_m2c": [54.33318456, 2.70395047, 873.54878619], "obj_bb": [320, 197, 84, 95], "obj_id": 12, "kps": [357.6357956350271, 246.54388887025158, 358.9605538645282, 301.09335251536544, 365.5871097559615, 268.8534123736828, 311.5672226989341, 255.58487169332597, 313.65584712775615, 220.97486086967166, 404.2668739230745, 264.83204927869156, 414.57326502448274, 231.01129812687392, 356.93145406683874, 222.9840793248845, 362.74306404578675, 187.29341944212638]}]}, "35": {"img_name": "0035", "gt": [{"cam_R_m2c": [0.57814097, -0.80667102, -0.122618, -0.70065498, -0.41380799, -0.58124501, 0.41813201, 0.42195499, -0.80443698], "cam_t_m2c": [31.51930545, -17.11465589, 811.89394668], "obj_bb": [303, 181, 88, 99], "obj_id": 12, "kps": [345.07472938329147, 233.79043258755823, 362.0373698561102, 289.86794429987197, 356.9965281223516, 253.25474878111388, 301.13280607207605, 257.00474192792456, 290.664751743798, 219.45965374189515, 399.6409857976676, 239.59551944866263, 398.4256608031318, 200.23205632813767, 339.6863323659087, 210.86481112846224, 333.194147879861, 171.13950145054432]}]}, "36": {"img_name": "0036", "gt": [{"cam_R_m2c": [0.55746001, -0.82075298, -0.124914, -0.72153598, -0.40455401, -0.56189102, 0.41063899, 0.40336201, -0.817725], "cam_t_m2c": [28.50536092, -15.97931068, 830.27369793], "obj_bb": [302, 183, 85, 96], "obj_id": 12, "kps": [342.6104560228134, 234.73509988041866, 360.3639590146628, 289.2488596113776, 355.1863998233975, 254.92905464717023, 299.90910917790285, 257.88532055850175, 289.3657422193031, 222.524661224714, 395.8495146064055, 238.79117136559145, 394.2696164048927, 201.53614874992783, 336.4403602810112, 211.28210841662286, 329.6651524843957, 173.5339693924526]}]}, "37": {"img_name": "0037", "gt": [{"cam_R_m2c": [0.170316, -0.97487199, -0.14358599, -0.75869203, -0.0367511, -0.65041202, 0.62879199, 0.219713, -0.74588698], "cam_t_m2c": [-21.36961018, 25.79460143, 1063.95301245], "obj_bb": [282, 223, 61, 66], "obj_id": 12, "kps": [312.717304816403, 259.6307720462438, 341.2485124346505, 294.05789897727817, 334.7807836231235, 263.2898484447848, 284.7322628903624, 290.7862941568374, 274.6284785206796, 260.52491048068833, 349.14159447678514, 251.82336890771393, 343.57383412037177, 220.18993940462593, 295.60145181248197, 249.6156154357685, 286.78020021779247, 218.54523431653118]}]}, "38": {"img_name": "0038", "gt": [{"cam_R_m2c": [0.32001701, -0.94515002, -0.065434, -0.712614, -0.19462, -0.67402101, 0.62431598, 0.26232699, -0.73580903], "cam_t_m2c": [16.87326713, 32.34832989, 1012.21959198], "obj_bb": [300, 224, 67, 74], "obj_id": 12, "kps": [333.08364159430437, 264.00684103526504, 356.7319634628175, 304.83461075257594, 355.34054911840514, 271.7098907136408, 298.78144664263584, 291.3196212283266, 293.4046444467228, 258.2363231540655, 372.25434853076564, 262.31748867091676, 371.9920776852675, 228.43555540731145, 317.24356034538926, 250.69131964998903, 313.401248730963, 216.9924697454307]}]}, "39": {"img_name": "0039", "gt": [{"cam_R_m2c": [0.326377, -0.94345897, -0.0579827, -0.71398503, -0.205865, -0.66921198, 0.61943799, 0.25981501, -0.74080598], "cam_t_m2c": [-17.25773171, 30.82568656, 915.57728043], "obj_bb": [276, 221, 74, 82], "obj_id": 12, "kps": [312.59777246949136, 265.33219901218234, 337.9852945991939, 310.8315986293996, 335.4061114089396, 274.7021466951442, 274.7358452379808, 295.0063525924231, 267.3210726315316, 258.8236744941127, 356.6665619181658, 263.6297034664654, 355.66427391560535, 226.48013939698458, 296.86196792164736, 250.13672527094252, 291.5519335692478, 213.13771552920565]}]}, "40": {"img_name": "0040", "gt": [{"cam_R_m2c": [0.106259, -0.96367699, -0.245022, -0.797391, 0.0646282, -0.59999198, 0.59403402, 0.25913301, -0.76156002], "cam_t_m2c": [-21.78395758, 17.81430417, 792.28260505], "obj_bb": [269, 211, 83, 88], "obj_id": 12, "kps": [308.801135867398, 259.91570032090095, 351.7730484206731, 301.9616535259959, 336.4977956155497, 263.98303854769193, 277.05265968398, 304.84395652874144, 255.391018322459, 268.57346361215764, 357.16898037268027, 242.9503829627169, 343.5593929741035, 202.63918760294206, 287.4163739021081, 247.5394327316476, 268.2678536118014, 209.03768111098358]}]}, "41": {"img_name": "0041", "gt": [{"cam_R_m2c": [0.15564901, -0.98600602, -0.0597138, -0.746418, -0.0778028, -0.66091299, 0.64701802, 0.147442, -0.748083], "cam_t_m2c": [21.80363876, 112.1353859, 1024.54939355], "obj_bb": [305, 270, 62, 70], "obj_id": 12, "kps": [336.0028859487854, 308.47211809021286, 364.7119491840648, 345.74028128836045, 364.2657295890829, 316.9207055795265, 304.8719727706836, 339.45278448951314, 300.2251612707873, 310.66834845900394, 370.6330234017597, 299.6147183856167, 370.6116570342664, 269.5620290800256, 314.26064634728584, 294.3719347212584, 310.5264024903223, 264.44010415524815]}]}, "42": {"img_name": "0042", "gt": [{"cam_R_m2c": [0.14678501, -0.97619098, -0.159702, -0.82226902, -0.0306731, -0.56827199, 0.54984301, 0.21473201, -0.80719399], "cam_t_m2c": [-41.1434986, -29.45682231, 704.46122316], "obj_bb": [245, 168, 91, 100], "obj_id": 12, "kps": [290.52940193907114, 223.56068064394273, 334.77199127742693, 274.3231576688049, 322.6729081494662, 230.99253814996206, 250.84630035265226, 270.6532971962675, 229.74145317798857, 228.45893720486623, 345.27013437390235, 209.11941331373885, 335.27750596779646, 162.31558185690503, 266.9959749861766, 207.65672025892573, 249.22031352735442, 162.24318889846683]}]}, "43": {"img_name": "0043", "gt": [{"cam_R_m2c": [-0.341241, -0.93964601, -0.0249059, -0.83925098, 0.31650099, -0.442137, 0.42333499, -0.12997299, -0.89660197], "cam_t_m2c": [59.74529456, 8.28601809, 1059.53340815], "obj_bb": [324, 211, 66, 71], "obj_id": 12, "kps": [356.98708770007363, 250.13280595855642, 393.29247183550314, 270.31957733968, 397.5174091958771, 249.68787988629774, 339.74191828950825, 289.06757278655266, 339.6252220971751, 269.6831819472172, 373.25781054653226, 226.22090233938587, 375.7529561511544, 203.00241570569858, 321.50582942347916, 243.69251824586016, 319.95694127558306, 221.5338871287445]}]}, "44": {"img_name": "0044", "gt": [{"cam_R_m2c": [-0.31229001, -0.94995499, -0.00784628, -0.86985397, 0.289258, -0.39960399, 0.38187599, -0.117967, -0.91665399], "cam_t_m2c": [48.20199011, -37.34502669, 995.4887225], "obj_bb": [318, 183, 69, 74], "obj_id": 12, "kps": [352.2620319505445, 224.33843991559064, 390.002679623677, 247.0799955988191, 395.29569369385257, 225.40887859607514, 332.49246216322933, 264.9407453418169, 332.7015442189594, 244.5723717479844, 370.6863099238683, 199.53524475994345, 374.1298089016891, 174.67655723838368, 315.0508564794465, 216.16105958898308, 313.74995281239273, 192.40467348802983]}]}, "45": {"img_name": "0045", "gt": [{"cam_R_m2c": [-0.281091, -0.95727098, 0.067967, -0.90127498, 0.23899101, -0.361368, 0.32968301, -0.162834, -0.92994303], "cam_t_m2c": [-6.66856561, -58.72645879, 906.26354406], "obj_bb": [283, 165, 74, 79], "obj_id": 12, "kps": [320.02179948402335, 208.9824272000627, 359.5537063142922, 236.0605076054129, 367.06112935166726, 213.49018150178784, 295.8005298731605, 252.05884915665058, 297.04664313356693, 230.62393186789993, 341.71554537741434, 182.71650448805184, 347.24891360814956, 155.9263251766651, 279.850254615403, 197.17288201318343, 279.5040255267028, 171.23994315896223]}]}, "46": {"img_name": "0046", "gt": [{"cam_R_m2c": [-0.156076, -0.96897799, 0.19162899, -0.94751501, 0.0920696, -0.30616799, 0.27902699, -0.229357, -0.932491], "cam_t_m2c": [-47.04812968, -86.71000769, 798.12162444], "obj_bb": [250, 137, 79, 84], "obj_id": 12, "kps": [289.59812024459313, 184.148619407654, 328.46195418712153, 221.52995637725917, 342.02805726456285, 198.08295609598233, 254.6251776490917, 227.94191687508658, 260.08153403780415, 204.4392909089259, 317.9617691654499, 158.95424129516027, 329.9032556143715, 129.578274237939, 246.28300976863397, 163.30268316086588, 250.60402218742507, 133.44768927309468]}]}, "47": {"img_name": "0047", "gt": [{"cam_R_m2c": [-0.0683119, -0.96147901, 0.26625401, -0.95530701, -0.0138981, -0.29528701, 0.287613, -0.274526, -0.91755903], "cam_t_m2c": [-68.66868971, -76.01213901, 695.98814403], "obj_bb": [223, 129, 90, 97], "obj_id": 12, "kps": [266.06522585270955, 184.20736904541153, 305.75342894756085, 231.43078961149112, 324.40775420677613, 206.5905956181015, 220.62233560466422, 229.76306888497155, 228.81625904268282, 203.51661114852857, 301.34832417656645, 159.76374499504695, 318.6742129679336, 127.24493452237283, 219.38979980110997, 155.26632221580294, 227.06311795078943, 120.69339812116255]}]}, "48": {"img_name": "0048", "gt": [{"cam_R_m2c": [-0.0832383, -0.97510701, 0.20551699, -0.938039, 0.00705321, -0.34645799, 0.336384, -0.22162201, -0.91527599], "cam_t_m2c": [-26.02742221, -85.092191, 793.82885351], "obj_bb": [266, 137, 78, 85], "obj_id": 12, "kps": [304.20391753314243, 184.99481770407598, 340.2456144758312, 226.55879576783374, 356.2051828711461, 200.69209867247892, 265.5937137552799, 226.64121142964544, 273.5061719054031, 199.92405495762898, 334.09609047973964, 164.36911375160514, 348.7082448760586, 133.01061254531248, 262.2830773535148, 162.66869278773385, 269.4775647070584, 130.12778633179397]}]}, "49": {"img_name": "0049", "gt": [{"cam_R_m2c": [-0.105255, -0.97249299, 0.207794, -0.94112402, 0.0299088, -0.33673599, 0.32125899, -0.231003, -0.91838503], "cam_t_m2c": [-32.46558757, -99.08834346, 825.73123771], "obj_bb": [263, 131, 75, 82], "obj_id": 12, "kps": [300.62445013096703, 177.520688364702, 335.9745790574876, 216.8490877616163, 350.95924759656396, 191.6829902329035, 264.2816139781984, 218.3152528357384, 271.8482073204352, 192.47594061655505, 328.8044091176052, 156.99103979878817, 342.4558827870278, 126.68714882545238, 259.57263347967574, 156.68042790999377, 266.32938543453383, 125.3794547248286]}]}, "50": {"img_name": "0050", "gt": [{"cam_R_m2c": [0.34111801, -0.93992603, -0.013323, -0.895329, -0.32054901, -0.30925, 0.286401, 0.117419, -0.95088798], "cam_t_m2c": [72.07165289, -15.34960478, 1050.92001701], "obj_bb": [331, 198, 66, 70], "obj_id": 12, "kps": [362.4752639766499, 236.18113937435302, 382.03900753994304, 274.77828650607273, 386.30452431361556, 261.32252345610726, 327.6221982067907, 256.0262645806599, 327.13343440962, 241.1223867669959, 398.4237863277541, 226.91349016228017, 403.96060484511656, 209.77217761909844, 345.23004152572594, 209.19438514449655, 346.2330573548757, 190.77799233407237]}]}, "51": {"img_name": "0051", "gt": [{"cam_R_m2c": [0.355389, -0.93298203, -0.0569572, -0.88823003, -0.31810799, -0.33144301, 0.29111201, 0.168382, -0.94175398], "cam_t_m2c": [103.39923694, 16.52660255, 1003.57820602], "obj_bb": [349, 214, 70, 73], "obj_id": 12, "kps": [382.13156641670577, 254.09642871764575, 402.8900453362046, 294.5737110289012, 406.81511297917234, 280.94498400624644, 345.85515331706205, 274.63138357726234, 344.59967403754, 259.4781579064043, 420.2337235256656, 244.2438524839774, 425.5741888299221, 226.57579575160457, 364.4680369765852, 225.70802697969648, 364.86644247516546, 206.75803698318052]}]}, "52": {"img_name": "0052", "gt": [{"cam_R_m2c": [0.0820656, -0.98614597, -0.144159, -0.945934, -0.0315274, -0.32282501, 0.31380701, 0.162857, -0.93541598], "cam_t_m2c": [96.96916331, -13.83540815, 837.86662017], "obj_bb": [354, 193, 74, 77], "obj_id": 12, "kps": [389.93492711590017, 236.38017313005977, 427.5262421929581, 275.73093210661915, 429.074520409097, 257.62873061752407, 355.33039727143773, 272.8029597382464, 349.0662232826955, 254.79102567130064, 429.2185004158795, 212.84108649387716, 430.8848202686622, 188.7960478770801, 359.515220420805, 211.24342451101427, 353.9263121917057, 187.55099906579744]}]}, "53": {"img_name": "0053", "gt": [{"cam_R_m2c": [0.65437299, -0.74746102, -0.114448, -0.68518603, -0.52209002, -0.50787997, 0.319868, 0.410761, -0.853791], "cam_t_m2c": [106.27079951, 28.81800916, 973.1855139], "obj_bb": [351, 217, 74, 84], "obj_id": 12, "kps": [385.4113771938877, 261.6210523451293, 395.23388015215494, 309.66277503812955, 394.6492356752658, 285.9923868261912, 346.57494549727124, 274.7904916855159, 342.0074118616257, 249.36739799545708, 430.5605153535401, 268.0728875206152, 432.9464723837269, 241.75203442901014, 381.89766113677774, 236.03662911624022, 380.2964510772186, 208.36862801274324]}]}, "54": {"img_name": "0054", "gt": [{"cam_R_m2c": [0.46770701, -0.85013598, -0.241908, -0.83454698, -0.33458099, -0.43770701, 0.29117301, 0.406602, -0.865964], "cam_t_m2c": [98.95616452, -18.69236931, 838.87326541], "obj_bb": [351, 184, 83, 91], "obj_id": 12, "kps": [390.8683986078904, 232.82527000826076, 415.3731864587945, 283.9213652445681, 408.1791740659358, 258.353551547372, 351.2633803787168, 258.32348011014597, 338.2156130563032, 231.65913362048764, 443.34991601310406, 227.05285155963637, 439.1995302786546, 196.78859508644948, 379.9495396482759, 205.01885231088744, 370.0571657687536, 174.27939486136188]}]}, "55": {"img_name": "0055", "gt": [{"cam_R_m2c": [0.0543044, -0.998523, -0.00139123, -0.92593402, -0.049835, -0.374383, 0.373761, 0.0216188, -0.92727298], "cam_t_m2c": [20.13400562, -28.90975625, 1057.77306524], "obj_bb": [306, 194, 58, 63], "obj_id": 12, "kps": [334.73162528846126, 229.52833934274972, 363.2292176844489, 261.96666407682676, 366.3673437346365, 244.0678264119641, 305.8435055107053, 259.0577629729085, 304.13287299399343, 240.9555814339106, 364.7542858529, 213.35024909351398, 367.90215976216405, 192.1433564958955, 309.29760560482885, 210.64111803250404, 307.9300517832229, 189.26201686292055]}]}, "56": {"img_name": "0056", "gt": [{"cam_R_m2c": [0.0448269, -0.99844801, 0.0330461, -0.90593499, -0.0545705, -0.41988501, 0.42103699, -0.0111154, -0.90697497], "cam_t_m2c": [-12.89145361, 18.35873019, 1007.77431559], "obj_bb": [286, 219, 62, 66], "obj_id": 12, "kps": [316.418157669966, 255.81233242576658, 346.1417649499343, 290.06285266469484, 349.77527484974405, 271.1259456421085, 285.7943839275319, 286.81290160463504, 284.17211741558737, 267.56852683913115, 347.73102209074904, 239.20092836480256, 351.34079579943915, 216.84018325828066, 289.78206487859876, 236.02269746896403, 288.5622448636824, 213.3695142448239]}]}, "57": {"img_name": "0057", "gt": [{"cam_R_m2c": [0.29645699, -0.94971102, 0.100808, -0.87160701, -0.31219301, -0.377938, 0.390403, 0.024177, -0.92032599], "cam_t_m2c": [8.24280553, -22.93081018, 908.26911276], "obj_bb": [292, 186, 77, 82], "obj_id": 12, "kps": [327.9251271789667, 230.7310727656453, 350.0491897575968, 276.08539597983696, 358.6962445825877, 256.16915095558426, 286.6718694175667, 255.13671014378943, 289.04747208636934, 233.21794448225185, 366.7192667097145, 222.62048539634216, 376.55572391540585, 198.54159973165477, 305.86755360037574, 202.6659218357748, 309.94517998996866, 176.77929677721295]}]}, "58": {"img_name": "0058", "gt": [{"cam_R_m2c": [-0.082307, -0.99353802, -0.0781559, -0.90893602, 0.106998, -0.40297201, 0.40873, 0.0378714, -0.91186899], "cam_t_m2c": [-17.52655635, -3.36119965, 810.9820551], "obj_bb": [272, 197, 82, 84], "obj_id": 12, "kps": [311.8738606313275, 244.05331972275116, 355.6658274633202, 280.0558697152973, 353.59769855845957, 256.17085010000926, 281.5146668924301, 287.85420708052396, 271.2829065906732, 264.9596093865419, 348.76878612631623, 217.8659339494364, 346.0843022599205, 188.69729817017378, 278.14429891697085, 225.58880512922016, 268.0928551829212, 197.37855702464313]}]}, "59": {"img_name": "0059", "gt": [{"cam_R_m2c": [-0.48991501, -0.86902797, 0.0690836, -0.71969199, 0.358459, -0.59460098, 0.491961, -0.341023, -0.80104798], "cam_t_m2c": [-22.93102953, 75.66840998, 1058.03768785], "obj_bb": [278, 247, 67, 74], "obj_id": 12, "kps": [312.5106149960868, 286.9422879196531, 349.34947959734666, 305.0530378452927, 354.61137941274075, 279.06768162986066, 298.8498060948698, 328.49377029159297, 300.55633358612783, 303.2683722914506, 323.4311568057189, 265.69986760879164, 326.6776916996475, 238.23784346919044, 274.33734835216524, 286.7608006095597, 274.22710367648676, 259.8005108143156]}]}, "60": {"img_name": "0060", "gt": [{"cam_R_m2c": [-0.50046802, -0.86317497, 0.0667854, -0.71043903, 0.365374, -0.60148001, 0.49478099, -0.34846899, -0.79609102], "cam_t_m2c": [-27.8758324, 66.61182809, 1007.91469437], "obj_bb": [273, 242, 70, 78], "obj_id": 12, "kps": [309.1143408982499, 284.0459248200556, 347.9609729108281, 302.79611318292336, 353.25447816515833, 274.90587585564776, 295.2220573776997, 327.82542892987675, 296.62283406358097, 300.74860721439484, 320.3534150029032, 262.22070974074273, 323.42185658680745, 232.81340288164196, 269.1274863197395, 284.5993882802014, 268.52773422687466, 255.70936878207073]}]}, "61": {"img_name": "0061", "gt": [{"cam_R_m2c": [-0.46061099, -0.86761802, 0.187288, -0.78183299, 0.29669499, -0.54837, 0.42020801, -0.39901301, -0.81499302], "cam_t_m2c": [-97.89554629, 4.10095627, 798.63372267], "obj_bb": [209, 198, 88, 95], "obj_id": 12, "kps": [254.22239339448907, 250.0858548596685, 300.54824300008903, 277.95558696366817, 310.92179971176654, 243.96701172208725, 231.23215922601128, 303.20558492716117, 235.09422525832045, 269.76948057654016, 271.46120258066946, 224.72259393130057, 278.6124673943919, 187.6283848439905, 204.15586815249497, 245.93158232844732, 205.17051466925392, 208.78958222088863]}]}, "62": {"img_name": "0062", "gt": [{"cam_R_m2c": [-0.0322812, -0.94298398, 0.331269, -0.913728, -0.106474, -0.39212701, 0.40504101, -0.31534901, -0.85819399], "cam_t_m2c": [-18.33813657, -43.73484164, 677.8204464], "obj_bb": [260, 151, 97, 104], "obj_id": 12, "kps": [306.2775204618108, 209.97994395771707, 340.8307338620855, 262.8995560019622, 369.8314579602674, 233.32238484059118, 255.39561649462314, 254.19493180506942, 274.97505014236873, 221.8068332703939, 337.51590011352204, 191.67521433565977, 364.38269855953246, 155.6795477608337, 256.7714456858958, 180.08046923825796, 275.2719379250425, 140.76008090919225]}]}, "63": {"img_name": "0063", "gt": [{"cam_R_m2c": [-0.48336199, -0.87299401, -0.0651278, -0.642784, 0.404434, -0.650585, 0.59429699, -0.272605, -0.75663602], "cam_t_m2c": [2.10743221, -31.18121074, 1056.37615089], "obj_bb": [291, 189, 70, 74], "obj_id": 12, "kps": [326.4758162956379, 229.231416588202, 366.13774581827374, 246.76322054723636, 365.5649758153153, 213.4323097797405, 315.45874831842684, 270.958813981306, 311.3058408999936, 238.32012231591546, 339.39637085985134, 213.7571965080289, 337.1336190538203, 180.17397213111659, 290.74975950238905, 235.75830808459528, 2