{"class": 13, "diam": 278.07811733, "obj_name": "iron", "img_path": "../../dataset/Linemod_preprocessed/data/13/rgb", "depth_path": "../../dataset/Linemod_preprocessed/data/13/depth", "mask_path": "../../dataset/Linemod_preprocessed/data/13/mask", "trainlist": "../../dataset/Linemod_preprocessed/data/13/train.txt", "testlist": "../../dataset/Linemod_preprocessed/data/13/test.txt", "gt_num": 1152, "0": {"img_name": "0000", "gt": [{"cam_R_m2c": [-0.0282865, -0.99933499, -0.023031, -0.91745299, 0.0351019, -0.39629301, 0.39683801, 0.00992011, -0.917835], "cam_t_m2c": [33.86063698, -25.24766882, 1038.308944], "obj_bb": [313, 178, 64, 125], "obj_id": 13, "kps": [344.63141443734156, 239.00000050735304, 378.80743187431943, 307.0268611113709, 384.3141310192414, 281.35444674823094, 314.34853019105026, 309.2209088617282, 310.80082070542204, 283.88914443453535, 370.4274796064363, 183.47656017751922, 374.32334440304237, 144.74651976169253, 311.6965150211778, 185.6016695061007, 308.16832589205615, 147.18449342108974]}]}, "1": {"img_name": "0001", "gt": [{"cam_R_m2c": [-0.00735917, -0.99657601, -0.0823507, -0.934618, 0.0361384, -0.353811, 0.35557601, 0.0743627, -0.93168402], "cam_t_m2c": [81.8780676, -69.06563731, 990.48125867], "obj_bb": [341, 150, 67, 130], "obj_id": 13, "kps": [373.41453036460234, 213.47788329685443, 409.29661835305563, 284.4900363994352, 414.325238108281, 258.11810617381275, 341.95929582034046, 286.54178362782454, 336.9129330022201, 260.73837886385184, 401.27659646852106, 154.83719740582768, 404.7359562187866, 113.32750448090442, 339.59067128430985, 157.7510328109634, 334.7000947523054, 117.00937164939656]}]}, "2": {"img_name": "0002", "gt": [{"cam_R_m2c": [0.115434, -0.99270397, -0.0348458, -0.92271698, -0.0941752, -0.37379599, 0.367787, 0.0753018, -0.92685598], "cam_t_m2c": [89.09301169, -94.57807778, 882.92242796], "obj_bb": [340, 122, 77, 148], "obj_id": 13, "kps": [382.2042742755608, 193.9070339761046, 411.7611865166518, 278.210248746965, 422.8639883269712, 244.86477437973215, 336.5405077601636, 270.7844727633484, 334.81086826739823, 236.56893731824366, 420.68573696486345, 136.88947568850256, 431.91980241147127, 85.7422210939337, 352.52736892638995, 131.42925485084703, 353.3918534991649, 79.98536169437952]}]}, "3": {"img_name": "0003", "gt": [{"cam_R_m2c": [0.26705199, -0.963606, -0.0121057, -0.89064503, -0.24199601, -0.38495401, 0.36801401, 0.113585, -0.92285699], "cam_t_m2c": [114.97003826, -76.32592661, 784.51905556], "obj_bb": [351, 122, 93, 167], "obj_id": 13, "kps": [406.0535608181167, 201.02871269902477, 424.88246263783265, 299.8596343299326, 442.9192622172093, 264.33057131168914, 342.4289654252496, 278.56592207033606, 344.28284368499106, 239.65456699860357, 458.5811553740212, 145.54290942903992, 480.1368911647986, 88.0156838369589, 384.2947414423522, 128.78552247353338, 392.9691404684938, 69.4378436773894]}]}, "4": {"img_name": "0004", "gt": [{"cam_R_m2c": [0.308173, -0.950638, 0.0362944, -0.89196301, -0.30199799, -0.33645099, 0.33080399, 0.0713121, -0.941001], "cam_t_m2c": [94.39924521, -117.17126147, 714.92787945], "obj_bb": [332, 78, 106, 183], "obj_id": 13, "kps": [396.35104420744284, 164.32000450828093, 409.72484674393587, 272.9969283454554, 433.2447815476832, 234.55636423914737, 321.9723991280936, 245.01715537707412, 326.0628188943135, 201.01779171923218, 456.48702368876013, 108.62736675268663, 486.1220824815309, 43.19228812312753, 377.30778751270105, 85.20999778547247, 391.462677949091, 16.09809578647359]}]}, "5": {"img_name": "0005", "gt": [{"cam_R_m2c": [0.62, -0.78213698, 0.0621402, -0.64531797, -0.55338299, -0.526622, 0.44627801, 0.28640601, -0.84782499], "cam_t_m2c": [-22.5651408, -83.11002918, 996.83275654], "obj_bb": [244, 152, 112, 116], "obj_id": 13, "kps": [307.449210734713, 205.51867085834246, 289.9015230972976, 283.0215182158635, 290.8164798731706, 239.27574538628699, 238.87331074412032, 244.63885111386728, 232.94178258428767, 197.42543073914524, 377.1308933083777, 191.61625469929064, 388.6140010791634, 141.83988731438208, 328.6843266569648, 159.88552173867672, 334.05175953248465, 108.02565822568366]}]}, "6": {"img_name": "0006", "gt": [{"cam_R_m2c": [0.63975602, -0.76797199, 0.0305358, -0.65689403, -0.56698501, -0.49700999, 0.399003, 0.29790601, -0.867208], "cam_t_m2c": [-3.37253712, -110.72390993, 946.8976872], "obj_bb": [252, 131, 118, 121], "obj_id": 13, "kps": [318.2015032289955, 186.8780491854229, 299.27034817775905, 268.16432564301425, 298.39570476862303, 222.80649987140458, 246.74976829939015, 227.6676754750208, 238.36523123782945, 178.37075133355918, 392.5954958452429, 172.20699396374124, 404.2400567142568, 119.15973239626844, 342.04036581254394, 138.72765089862764, 346.7745257274, 83.35002161669308]}]}, "7": {"img_name": "0007", "gt": [{"cam_R_m2c": [0.73065197, -0.67477, 0.104086, -0.55918002, -0.67888999, -0.475842, 0.39174601, 0.28947201, -0.87335002], "cam_t_m2c": [12.38469424, -125.59970685, 884.84600847], "obj_bb": [251, 118, 135, 120], "obj_id": 13, "kps": [326.0717946995407, 172.51812886741928, 293.13241743764956, 255.36056501355412, 299.0207284265116, 206.54667372891373, 244.21767690326877, 204.3307855722028, 242.21640256338904, 149.67272312967032, 406.66258401840673, 169.46743040343605, 428.1907438717968, 114.0591732367589, 358.7874714998848, 126.43212475384934, 372.8636052327488, 67.20310034486049]}]}, "8": {"img_name": "0008", "gt": [{"cam_R_m2c": [0.84183699, -0.52101398, 0.14090499, -0.410065, -0.78715903, -0.46068099, 0.350936, 0.33003899, -0.87630999], "cam_t_m2c": [64.62520405, -131.35681959, 818.20161809], "obj_bb": [276, 111, 154, 113], "obj_id": 13, "kps": [360.58245969690654, 161.4941281582206, 309.0091053021232, 242.5615740876566, 322.5638758309763, 188.72446463464206, 268.39024568678343, 179.91981313132624, 274.3436346474558, 118.36029133673082, 448.00914968525757, 175.45885901877364, 481.97324471220304, 117.24875671653744, 405.53347890878473, 121.60172777434997, 431.4835416130846, 58.05254844191646]}]}, "9": {"img_name": "0009", "gt": [{"cam_R_m2c": [0.85857099, -0.48760301, 0.158427, -0.37710899, -0.80995601, -0.44917801, 0.347339, 0.32590699, -0.87928402], "cam_t_m2c": [66.36256547, -136.74215048, 785.54623361], "obj_bb": [274, 103, 162, 114], "obj_id": 13, "kps": [362.8541195205947, 153.87271158054128, 305.69198204116134, 235.91891228186572, 321.42002287449185, 179.61854377113352, 266.3833773080454, 169.24923662278155, 274.2523037260822, 104.20994725460137, 453.0485545447071, 172.5790724661444, 491.3063152496131, 112.52656014350599, 411.3660654237467, 115.15049948967965, 441.1811354771995, 48.99408388904688]}]}, "10": {"img_name": "0010", "gt": [{"cam_R_m2c": [0.87523901, -0.44900501, 0.179866, -0.353183, -0.84732902, -0.39660501, 0.33048299, 0.28359899, -0.90019602], "cam_t_m2c": [31.6140786, -174.65312098, 679.51847372], "obj_bb": [236, 49, 190, 131], "obj_id": 13, "kps": [339.2831091352973, 107.95262679350922, 268.7514471755503, 199.36582564267962, 281.96064622617195, 131.9336245396439, 228.93825695069606, 121.07449143056479, 232.82404728133278, 40.626684884274056, 443.274797062347, 136.07153480738825, 489.2718964021473, 65.0767075980447, 400.38800934007605, 68.75586488597234, 436.03047460411204, -11.368543183854012]}]}, "11": {"img_name": "0011", "gt": [{"cam_R_m2c": [0.411661, -0.90481102, -0.108868, -0.84064901, -0.330881, -0.42875099, 0.35191599, 0.26802, -0.89683902], "cam_t_m2c": [100.03907182, -99.87336419, 1036.16513206], "obj_bb": [330, 140, 85, 124], "obj_id": 13, "kps": [378.446714732668, 198.10394853040927, 384.9056643397162, 274.38260659106464, 383.5392281898249, 240.79795193198902, 325.7793625735374, 252.40588768156235, 316.5254564950591, 217.00301523221825, 434.00006004534265, 161.49840637123702, 438.95641083194994, 116.70494667894494, 378.1595312315223, 144.33041715742627, 376.1294732235004, 98.81121050023356]}]}, "12": {"img_name": "0012", "gt": [{"cam_R_m2c": [0.401591, -0.90619099, -0.132449, -0.84766799, -0.313052, -0.42831999, 0.34667599, 0.284282, -0.89386803], "cam_t_m2c": [99.15434546, -94.91766461, 987.64941661], "obj_bb": [331, 137, 88, 131], "obj_id": 13, "kps": [380.8532313901288, 198.8547877146832, 389.1118216816044, 278.75386852012457, 386.0468399934072, 243.94183457226097, 326.9212356570832, 256.7451821825983, 315.2215464866454, 220.14435466358782, 438.8443869714616, 159.31274038564737, 442.6543503565887, 111.95304383517089, 380.1529849802897, 142.6921144778095, 376.32487682899756, 94.82381679733518]}]}, "13": {"img_name": "0013", "gt": [{"cam_R_m2c": [0.46919701, -0.87506801, -0.118789, -0.82078803, -0.38249999, -0.424265, 0.32582399, 0.29656401, -0.89771301], "cam_t_m2c": [103.99224002, -109.34742387, 883.77835911], "obj_bb": [330, 116, 104, 145], "obj_id": 13, "kps": [389.60921413928634, 184.38817069039155, 392.10353052666494, 273.86260515815883, 390.6211712395333, 234.01825461896803, 325.2333674533642, 244.47725810874968, 313.17204617595746, 201.71433044388763, 457.69343378396314, 145.99008640117071, 466.1938291876403, 90.93898442389839, 394.1224930030063, 123.52344147847168, 393.1316892398111, 67.43596021778542]}]}, "14": {"img_name": "0014", "gt": [{"cam_R_m2c": [0.59031802, -0.80679101, -0.024761, -0.75260299, -0.53906399, -0.378151, 0.29174101, 0.24186499, -0.92541301], "cam_t_m2c": [77.47220647, -145.15676919, 766.0278627], "obj_bb": [300, 74, 133, 159], "obj_id": 13, "kps": [377.2385875338913, 148.18986440484696, 362.57074486148235, 249.87492509906846, 366.99866005445665, 204.2642477785182, 293.5277632720983, 204.25825371770125, 284.4562801245653, 151.78184349610316, 461.3750504579893, 118.76209122035576, 483.1644559169078, 54.24700574156534, 395.0150611157531, 81.2894001345939, 404.4607030525293, 12.728510080622899]}]}, "15": {"img_name": "0015", "gt": [{"cam_R_m2c": [0.64039499, -0.76152998, 0.0998337, -0.64913303, -0.60612899, -0.45960301, 0.41051301, 0.229522, -0.882496], "cam_t_m2c": [25.17656508, -122.7721835, 755.3793254], "obj_bb": [253, 95, 144, 150], "obj_id": 13, "kps": [336.7791929767109, 163.50679571702904, 310.44666191686656, 264.48571054720225, 320.37479038197836, 209.5618156469128, 244.6007333998398, 210.77359639730332, 241.57028081350748, 147.90084404685248, 422.7238099681083, 149.53212634418423, 450.3056798782021, 83.01097141154666, 361.3185926081397, 105.79434336713165, 377.8461492673609, 34.48383422492868]}]}, "16": {"img_name": "0016", "gt": [{"cam_R_m2c": [-0.225255, -0.96855003, -0.105691, -0.85723001, 0.248575, -0.45096299, 0.46305299, -0.0109801, -0.88626301], "cam_t_m2c": [114.43155369, -84.94978915, 999.1164053], "obj_bb": [360, 143, 78, 130], "obj_id": 13, "kps": [393.4472427586131, 204.9833615110081, 444.2236857354187, 266.55133153592965, 451.4510241729176, 228.4400210433365, 378.7707482251633, 283.4552028941495, 376.664551963976, 247.70055200950426, 401.8743394514133, 150.79016041255048, 402.92195403530013, 102.72672269666205, 343.3551271588233, 165.75626490808543, 337.05297998437237, 119.51005851579558]}]}, "17": {"img_name": "0017", "gt": [{"cam_R_m2c": [-0.216406, -0.96849197, -0.123253, -0.854976, 0.24894799, -0.455017, 0.47136399, 0.00691022, -0.88191199], "cam_t_m2c": [126.71189885, -81.79118915, 988.26154028], "obj_bb": [368, 144, 78, 131], "obj_id": 13, "kps": [401.3639758615264, 206.41336412821624, 452.982464074752, 268.69636448107264, 459.8513326328281, 229.93804138884457, 386.53276306876114, 285.7624071814362, 383.8399617552634, 249.49476634918497, 410.1960413085965, 151.79164735459736, 410.8189147400382, 103.06543928529635, 351.0529180421275, 167.07535214037034, 344.21923142566834, 120.316334393902]}]}, "18": {"img_name": "0018", "gt": [{"cam_R_m2c": [-0.19678999, -0.97366399, -0.115117, -0.88173699, 0.227097, -0.41348201, 0.42873499, 0.0201338, -0.90320599], "cam_t_m2c": [108.09549942, -116.91870683, 866.64001521], "obj_bb": [362, 106, 87, 151], "obj_id": 13, "kps": [399.41819022197996, 178.30005107396923, 455.8200960341751, 250.35191424287157, 465.65822655362115, 206.92396116630215, 380.101283335114, 267.9426224017004, 377.01710774990846, 227.64781048925897, 411.59420913506665, 116.77255975179534, 413.5837902374654, 59.087086043411944, 344.47623262926123, 132.7128632583637, 336.5055345598738, 77.55172404683668]}]}, "19": {"img_name": "0019", "gt": [{"cam_R_m2c": [-0.135298, -0.98713499, -0.085194, -0.894238, 0.158685, -0.41851801, 0.426653, 0.0195591, -0.90420401], "cam_t_m2c": [95.78972798, -113.68872901, 784.86288651], "obj_bb": [356, 94, 91, 166], "obj_id": 13, "kps": [397.1972963054746, 174.3142183896451, 453.65907641656725, 257.9017503607035, 467.95293204403777, 209.98476913400737, 369.0459610482354, 271.42457839203007, 367.1048516019251, 226.26077520116908, 415.82980754022566, 109.22756566388433, 421.8624871805616, 43.64115919051943, 341.6151778938813, 121.48473659957807, 335.44578456361506, 58.10617033107191]}]}, "20": {"img_name": "0020", "gt": [{"cam_R_m2c": [0.70336598, -0.70726299, -0.0711039, -0.636805, -0.58251399, -0.50512999, 0.31584099, 0.40057099, -0.86010897], "cam_t_m2c": [126.76795297, -46.72813585, 1033.13168687], "obj_bb": [330, 176, 111, 111], "obj_id": 13, "kps": [390.64700076441585, 226.55633786609013, 371.34619338705977, 300.9182536839197, 371.1810365535365, 263.7524513493507, 324.7681773432833, 261.5597464553732, 318.6931380137099, 221.23942296686934, 461.55160978986066, 211.69223037479702, 472.46638434066926, 166.64365105914248, 414.55716274327824, 178.76081156409148, 419.4710096731184, 131.91899389616347]}]}, "21": {"img_name": "0021", "gt": [{"cam_R_m2c": [0.73653001, -0.671404, 0.0820991, -0.57675201, -0.68678802, -0.442357, 0.353385, 0.27845901, -0.89307302], "cam_t_m2c": [17.29159215, -141.56763703, 781.20456322], "obj_bb": [245, 89, 153, 137], "obj_id": 13, "kps": [329.95853522157995, 151.67969890777755, 293.1877307943072, 245.5691737888259, 297.1353274750783, 191.66438195614725, 238.62135058190714, 188.16633661123853, 232.39865980899995, 126.34243004361674, 421.1933164398299, 147.39104473009485, 446.24821998497043, 83.50980960849579, 367.4612118801688, 99.34148478009033, 382.7775092620832, 30.39987388174054]}]}, "22": {"img_name": "0022", "gt": [{"cam_R_m2c": [0.543221, -0.83251601, -0.108756, -0.83459002, -0.521321, -0.178002, 0.0914926, 0.187461, -0.97800201], "cam_t_m2c": [69.93430589, -63.53794933, 1007.72011849], "obj_bb": [307, 157, 100, 126], "obj_id": 13, "kps": [361.82728810720323, 214.8449116219027, 356.1088166944142, 289.76216338226743, 351.16433339278336, 281.2193485449626, 302.999708780834, 255.8525990949287, 290.3572290226523, 242.52223087068828, 429.95553264629064, 173.98876951348277, 435.98567576074873, 148.6502529600161, 376.4959056339324, 143.14613482447416, 374.71338672501736, 113.9658359190558]}]}, "23": {"img_name": "0023", "gt": [{"cam_R_m2c": [0.54834998, -0.82647699, -0.127469, -0.83334899, -0.52737898, -0.16553301, 0.0695846, 0.196996, -0.97793198], "cam_t_m2c": [81.38910223, -77.31222367, 977.1479459], "obj_bb": [313, 146, 104, 130], "obj_id": 13, "kps": [369.69479895469937, 205.92988355714613, 363.5220471587931, 282.99442110709265, 357.8690025488279, 274.2634614565835, 309.22876985626215, 247.9126955271248, 295.4934935402882, 234.0895164265953, 440.5389957522146, 164.00335280403885, 446.737801160035, 137.30789084266206, 385.47515825858414, 132.11589270180627, 383.33575130310265, 101.35283734715838]}]}, "24": {"img_name": "0024", "gt": [{"cam_R_m2c": [0.60239899, -0.78836399, -0.124892, -0.79514498, -0.57903999, -0.18016, 0.069714, 0.207835, -0.975676], "cam_t_m2c": [78.16061108, -73.86375833, 885.338602], "obj_bb": [307, 143, 120, 137], "obj_id": 13, "kps": [371.6607145301697, 204.32497232489513, 359.5611087436851, 288.66377439688466, 352.8124029837456, 278.3955929573256, 302.83851084400357, 246.36801617897416, 286.76498704628244, 229.3039677456893, 452.55319994447996, 163.92763744795903, 461.70072141820356, 132.76456401386162, 394.5299518343804, 125.56113968545358, 393.8720238530725, 89.00817213747693]}]}, "25": {"img_name": "0025", "gt": [{"cam_R_m2c": [0.71828502, -0.68617803, -0.115006, -0.69482601, -0.69895703, -0.169341, 0.0358138, 0.201544, -0.97882497], "cam_t_m2c": [94.21799287, -110.08406292, 783.84142759], "obj_bb": [309, 109, 150, 144], "obj_id": 13, "kps": [387.67188900923765, 172.6281796697838, 359.64854823736124, 264.66926743339343, 353.14554512303056, 249.51156721177261, 304.5956629796468, 208.82395419837312, 287.77540859768584, 183.48361217506204, 484.8295573497661, 142.7195175900207, 502.8555545280891, 103.94693777220162, 426.92425670661, 90.8174273315852, 433.42375066983357, 43.506887038441135]}]}, "26": {"img_name": "0026", "gt": [{"cam_R_m2c": [0.70994997, -0.69634801, -0.105213, -0.70324898, -0.69301498, -0.15865301, 0.0375638, 0.186627, -0.981713], "cam_t_m2c": [74.90479372, -124.28994665, 776.9807133], "obj_bb": [295, 97, 151, 146], "obj_id": 13, "kps": [374.25149994900124, 161.71315166961105, 347.26402845461547, 255.00695900288284, 339.38431665837186, 239.03770336422366, 291.29299995317376, 199.42407866760428, 272.79482858891754, 173.1622502841912, 471.9295760917759, 130.86624640907516, 488.78123798305745, 90.59904678785443, 413.3909533472247, 79.09256189973932, 418.5191355051185, 30.14260828748858]}]}, "27": {"img_name": "0027", "gt": [{"cam_R_m2c": [0.25517201, -0.95848697, -0.127243, -0.81409699, -0.141977, -0.563106, 0.52166402, 0.24727701, -0.81652999], "cam_t_m2c": [81.21463263, 40.36713359, 1033.45405074], "obj_bb": [329, 216, 74, 126], "obj_id": 13, "kps": [369.79513115066646, 276.15948905317595, 389.94607040939843, 352.10808595526805, 386.7852909304026, 315.3002837204871, 325.51789877579137, 339.71080581084095, 314.4145505007663, 302.5235804634499, 415.3039850673636, 233.7264603804076, 415.39830377602334, 188.47572925821848, 357.64093860260255, 225.70940450492822, 351.4509389304867, 180.83857605966716]}]}, "28": {"img_name": "0028", "gt": [{"cam_R_m2c": [0.27335799, -0.95249498, -0.134268, -0.808496, -0.151884, -0.56856501, 0.52116197, 0.26397699, -0.811607], "cam_t_m2c": [92.94847707, 51.42522636, 993.2221974], "obj_bb": [336, 222, 77, 131], "obj_id": 13, "kps": [378.23062867388023, 283.88868620335484, 398.3566256022156, 363.5318483704749, 395.4560125583306, 325.8894428448415, 331.3943314651276, 349.3942297514318, 319.9226298656872, 311.2519309175701, 426.09203838623904, 240.04909993833772, 426.8034963077487, 193.21432586867988, 366.3152059942057, 230.99760477725937, 360.2846034088531, 184.58293550503296]}]}, "29": {"img_name": "0029", "gt": [{"cam_R_m2c": [0.428359, -0.90044898, -0.0755043, -0.75965703, -0.313611, -0.56971002, 0.48931599, 0.30139801, -0.81836998], "cam_t_m2c": [115.83553809, 59.31156591, 868.8602701], "obj_bb": [340, 226, 99, 149], "obj_id": 13, "kps": [398.5369497900857, 294.62907777662764, 405.9534822163393, 388.68377635373736, 410.3642056415514, 348.71334288729213, 333.3886915084074, 358.55888851834965, 326.6493032079586, 315.90883347559867, 460.60813553949384, 253.8580939295206, 471.73884620939214, 201.60212436460228, 395.20573935749917, 232.2888908678476, 397.4237996115335, 179.33220839895176]}]}, "30": {"img_name": "0030", "gt": [{"cam_R_m2c": [0.39903399, -0.90835398, -0.12516101, -0.85627699, -0.320326, -0.40519199, 0.327966, 0.26885799, -0.90562397], "cam_t_m2c": [114.37213029, -87.05263418, 785.67241422], "obj_bb": [344, 115, 107, 166], "obj_id": 13, "kps": [405.72984605978996, 193.3763674822105, 416.04145042201645, 293.5656225591949, 418.2896501884122, 254.05425946615244, 337.68888923238956, 265.12683940544525, 325.4320177898612, 222.19817811547026, 474.59614948339606, 143.80835486703663, 486.59282544827397, 83.1862317612724, 401.498168715216, 123.27721191750203, 401.02748400062643, 61.76662529375036]}]}, "31": {"img_name": "0031", "gt": [{"cam_R_m2c": [0.328565, -0.943223, -0.0487472, -0.86762601, -0.28103301, -0.41017699, 0.37318799, 0.177064, -0.91070199], "cam_t_m2c": [23.93735833, -61.3977654, 722.77941869], "obj_bb": [277, 124, 113, 181], "obj_id": 13, "kps": [341.8496612903102, 209.37262433928203, 357.3506609190522, 317.81724511424255, 357.6613691544413, 278.6984132314706, 271.08517197877154, 290.2094215175014, 253.52569032007125, 246.69680766227899, 412.48733546858165, 153.15124624322456, 422.9340148622976, 89.04753308954058, 334.6838081799749, 132.77396458772654, 330.8814766065579, 66.8935101841286]}]}, "32": {"img_name": "0032", "gt": [{"cam_R_m2c": [0.21636599, -0.96501201, -0.148113, -0.89792198, -0.13713001, -0.418248, 0.383304, 0.223489, -0.89617598], "cam_t_m2c": [27.6515889, -123.51472664, 688.19158313], "obj_bb": [291, 64, 107, 190], "obj_id": 13, "kps": [348.4881319758046, 157.17388640648014, 381.2270699194305, 267.08094660615956, 372.53499610887576, 212.49245451018274, 287.64306572840195, 253.1238042942251, 259.23593629200917, 197.99205117957797, 414.796396347705, 95.0956330073796, 413.82687390237857, 15.780202406532783, 331.4977831644266, 88.42887159911294, 315.24517155261526, 10.941352555661629]}]}, "33": {"img_name": "0033", "gt": [{"cam_R_m2c": [0.22747, -0.959984, -0.16336399, -0.882604, -0.13237, -0.451096, 0.411421, 0.246797, -0.87739599], "cam_t_m2c": [45.22652283, -107.83261197, 722.20191382], "obj_bb": [306, 86, 103, 180], "obj_id": 13, "kps": [361.26354290918454, 173.61687773231637, 392.5844678928248, 278.7165319573676, 384.38106220456797, 224.7538475917584, 302.6251560995839, 265.2139258457284, 276.8921528197807, 211.0999199662229, 424.7626484602125, 115.0693612740094, 423.50860010277165, 40.311645551634996, 344.91808745047973, 108.86812707957178, 330.1337817797134, 36.058276356600615]}]}, "34": {"img_name": "0034", "gt": [{"cam_R_m2c": [-0.50342, -0.85450798, -0.12800001, -0.66262001, 0.47688001, -0.57751203, 0.55452901, -0.205916, -0.80628502], "cam_t_m2c": [30.92365903, -94.96764574, 1020.57741223], "obj_bb": [310, 146, 95, 116], "obj_id": 13, "kps": [347.9623768874852, 199.8483668224837, 412.73351933602885, 243.78827581273188, 412.3057341271224, 192.3095543027565, 356.5593350426878, 276.4448861909571, 348.8548489796767, 227.7621503316848, 337.86994572586474, 159.0618262523541, 329.3678124891707, 105.41614707561341, 287.16455796105396, 185.78696345378359, 272.8199200457732, 133.83452468694756]}]}, "35": {"img_name": "0035", "gt": [{"cam_R_m2c": [-0.456209, -0.87424302, -0.16605, -0.681871, 0.46333, -0.566019, 0.57177401, -0.144999, -0.80749601], "cam_t_m2c": [91.9342159, -121.39993204, 979.52113384], "obj_bb": [345, 126, 99, 121], "obj_id": 13, "kps": [384.3478009969057, 182.75553231829136, 451.5841075393944, 229.72576126866173, 452.7292943066911, 174.64238940822537, 391.71405391237784, 262.50589815904766, 384.7612303752971, 210.74277893747916, 374.64882824420164, 141.0927091233144, 366.901133551589, 84.05096270297605, 321.60245408018875, 168.09779676814725, 307.59980584893054, 113.17965490543067]}]}, "36": {"img_name": "0036", "gt": [{"cam_R_m2c": [-0.45909199, -0.87644601, -0.14517801, -0.68833899, 0.45424101, -0.565557, 0.56162602, -0.159711, -0.81182998], "cam_t_m2c": [64.76670735, -92.33763979, 857.53855523], "obj_bb": [330, 129, 112, 140], "obj_id": 13, "kps": [374.4585938859353, 193.731255176026, 450.3967790983748, 248.4699609731392, 453.93607274949983, 187.36597563159592, 381.86946889784815, 285.68035405754546, 374.57089965075073, 228.90219207977614, 364.1136923662891, 145.25813100038013, 355.86550012115333, 80.7946251837069, 304.07981991957786, 174.95270192367465, 287.68327768624425, 113.01720269596792]}]}, "37": {"img_name": "0037", "gt": [{"cam_R_m2c": [-0.43766999, -0.89782703, -0.0484851, -0.73697603, 0.38910499, -0.55268699, 0.51508301, -0.20616201, -0.83197701], "cam_t_m2c": [16.09312138, -122.93661237, 796.81151043], "obj_bb": [296, 95, 114, 154], "obj_id": 13, "kps": [342.043380886543, 168.70096004005885, 417.5718728687154, 233.57792870069946, 427.69472751306137, 166.69643392957806, 342.08787773077586, 267.3519817179339, 339.144034944822, 204.0071637689639, 335.1831142448108, 117.94638595390377, 331.81410042068893, 45.33343029040828, 268.5223663640174, 143.67845725700664, 255.1715269706028, 72.64016383644869]}]}, "38": {"img_name": "0038", "gt": [{"cam_R_m2c": [-0.0326683, -0.980793, -0.192297, -0.75762498, 0.14978801, -0.63527, 0.65187198, 0.124936, -0.74796599], "cam_t_m2c": [188.72169662, -66.75675145, 1029.73864281], "obj_bb": [402, 158, 70, 120], "obj_id": 13, "kps": [432.3479870779545, 217.20842997554703, 478.11106119191174, 280.839162230841, 478.78908658914554, 227.3826352432209, 409.7242266216585, 290.38926188250446, 402.37164307187294, 238.9316709950221, 451.75165124794455, 178.41210326610982, 449.6806666858979, 123.23398641806905, 393.50186272092674, 187.88437541290972, 385.70492192863156, 134.4064526492349]}]}, "39": {"img_name": "0039", "gt": [{"cam_R_m2c": [-0.0375531, -0.983643, -0.17616899, -0.75288898, 0.14376999, -0.64225203, 0.65707499, 0.108517, -0.745974], "cam_t_m2c": [160.14444204, -79.38025565, 938.92041227], "obj_bb": [392, 143, 76, 130], "obj_id": 13, "kps": [425.19024812324267, 207.1919766145839, 475.1179452037288, 276.85438266603563, 477.0614848903656, 216.06862131378767, 399.95206861966915, 287.0638387116177, 392.06912724130774, 228.57597332979213, 446.1661135260255, 167.1161261288633, 444.60816036855834, 105.04537950016423, 383.1221478711664, 177.0288239902536, 374.7948859379538, 116.84206477746153]}]}, "40": {"img_name": "0040", "gt": [{"cam_R_m2c": [-0.00768029, -0.99435699, -0.105807, -0.76479101, 0.0740093, -0.64001298, 0.64423198, 0.0760048, -0.76104403], "cam_t_m2c": [113.80360817, -92.47651501, 854.5140825], "obj_bb": [365, 124, 82, 142], "obj_id": 13, "kps": [402.96180037673804, 195.17680923348735, 451.6452279496177, 274.93561303302295, 458.69438981676336, 207.239054928092, 368.9780290861679, 280.6416060026872, 363.6436228894528, 214.63793423254467, 429.1907669049565, 154.61395346450442, 432.16428934661656, 85.02802166943705, 360.53553744974914, 160.45478650812632, 355.1793272693539, 92.28022211398641]}]}, "41": {"img_name": "0041", "gt": [{"cam_R_m2c": [0.18695401, -0.972799, 0.136784, -0.74946803, -0.231259, -0.620336, 0.635095, 0.013459, -0.77231699], "cam_t_m2c": [85.80407805, -19.34462951, 796.72509403], "obj_bb": [330, 169, 88, 158], "obj_id": 13, "kps": [383.4326527068566, 243.85580279556928, 406.93559282116155, 342.7382610744941, 437.1930277489712, 283.231068490279, 321.0862436598002, 322.1201410237299, 337.1146337101464, 259.35669672549864, 422.207039082259, 205.97982579676528, 448.45976269362035, 140.22136816656615, 351.40528994388086, 189.21538110042647, 368.25319698583894, 121.36916680270264]}]}, "42": {"img_name": "0042", "gt": [{"cam_R_m2c": [-0.199321, -0.978387, 0.0550457, -0.965747, 0.186601, -0.180314, 0.166145, -0.0891007, -0.982068], "cam_t_m2c": [99.01583278, -90.0202554, 1005.21085061], "obj_bb": [347, 134, 72, 135], "obj_id": 13, "kps": [382.12896788234855, 200.5515735887848, 421.9812130172547, 261.74352335827257, 441.39162585028055, 248.8413446142815, 359.62696590728126, 274.04466428463235, 369.7570542426379, 262.8679431358836, 391.45973671561217, 131.0887007027792, 405.6105609242944, 99.94976804696817, 331.2628239035137, 141.64134624561714, 336.8072551123543, 111.69336533962321]}]}, "43": {"img_name": "0043", "gt": [{"cam_R_m2c": [-0.182207, -0.98238599, 0.0414568, -0.96673203, 0.171287, -0.18997601, 0.179528, -0.0746926, -0.98091298], "cam_t_m2c": [113.62780798, -77.32691368, 955.63668945], "obj_bb": [357, 136, 75, 142], "obj_id": 13, "kps": [393.66779100667105, 206.04051294181346, 434.7394904166104, 270.98084004844657, 456.06707864588674, 257.87303706991474, 368.90148950601093, 282.90995665212967, 379.83592326303597, 271.5900276790755, 404.3273403268544, 133.66001992592666, 419.9669484415298, 100.4182950360855, 341.15607297179315, 143.8947567502292, 347.28706125167065, 111.89335113880463]}]}, "44": {"img_name": "0044", "gt": [{"cam_R_m2c": [-0.0996361, -0.994932, -0.0135358, -0.98228103, 0.100521, -0.15817399, 0.158733, -0.00246391, -0.98731798], "cam_t_m2c": [166.13428242, -110.67466978, 830.76621822], "obj_bb": [397, 98, 83, 161], "obj_id": 13, "kps": [439.16019560368363, 177.9483565854757, 480.6385236351492, 255.9679807929096, 508.39051381261675, 241.3009136299694, 403.99421909914486, 263.7371049091206, 417.3338287611811, 250.52628914282036, 457.7347875805124, 97.3962128562742, 479.94910966455757, 55.233131952003006, 384.49505940884154, 104.76921857684127, 393.6579883367048, 63.905098979158566]}]}, "45": {"img_name": "0045", "gt": [{"cam_R_m2c": [-0.00226729, -0.99997902, -0.00599679, -0.98543698, 0.00325386, -0.170011, 0.170027, 0.005524, -0.98542398], "cam_t_m2c": [168.16757815, -117.76819258, 768.24880758], "obj_bb": [402, 83, 85, 171], "obj_id": 13, "kps": [448.7004189885155, 167.89398812201463, 485.3828734802716, 257.00798661926694, 517.5879511334067, 239.73814933346162, 402.1592412245053, 257.2669241058565, 417.2388277824684, 240.06696692276873, 476.81266248237887, 86.4138299877108, 505.4001525066613, 37.260030023463415, 397.8440222199318, 86.78936811640129, 411.17294178994155, 37.75262782086466]}]}, "46": {"img_name": "0046", "gt": [{"cam_R_m2c": [0.00530011, -0.99592698, 0.0900061, -0.99036098, -0.0176856, -0.137375, 0.13840701, -0.0884105, -0.98642099], "cam_t_m2c": [75.83122674, -137.24492329, 730.08548411], "obj_bb": [334, 59, 87, 180], "obj_id": 13, "kps": [382.689962754304, 148.79225752365429, 418.2036603394685, 243.0439556349356, 449.39986609662316, 226.09251386595884, 332.4813956168705, 241.5097366306284, 345.4666271885128, 223.94459279766411, 415.11861742930535, 64.7278155923493, 444.0554870756278, 12.347572172279273, 333.12813322144274, 60.961686010608595, 345.55764628278126, 6.987362184461296]}]}, "47": {"img_name": "0047", "gt": [{"cam_R_m2c": [0.56535101, -0.80747098, -0.168432, -0.81092697, -0.50673598, -0.29260299, 0.15091801, 0.30201, -0.94128299], "cam_t_m2c": [43.56016188, -60.50601016, 1040.22370321], "obj_bb": [293, 165, 101, 119], "obj_id": 13, "kps": [346.89273283089045, 218.28274803452152, 341.47461374595935, 292.93456906261406, 329.2440225113656, 274.85931148160046, 291.39259502647036, 260.12390309557946, 272.76878863757094, 238.23056171271392, 416.30812431467723, 182.768861739845, 414.75826714009105, 150.41158418280264, 365.59149717154565, 154.52165003291915, 357.43348585673175, 119.59837234309083]}]}, "48": {"img_name": "0048", "gt": [{"cam_R_m2c": [0.557239, -0.79971403, -0.223478, -0.82542199, -0.50420803, -0.25387499, 0.0903483, 0.325932, -0.94106603], "cam_t_m2c": [74.09963141, -78.54421287, 982.45535042], "obj_bb": [311, 149, 106, 127], "obj_id": 13, "kps": [366.283313448009, 206.2578560241831, 361.98190673073094, 284.7690237488986, 347.09414132244746, 267.96007906178954, 309.30350371029624, 250.77527479072054, 287.4636812539336, 229.78120495527344, 440.26476699528575, 166.3976360057342, 437.2048455018246, 132.71368953053369, 385.9249497652652, 137.3715320089473, 375.36892423074846, 100.99036859691924]}]}, "49": {"img_name": "0049", "gt": [{"cam_R_m2c": [0.66641003, -0.70542401, -0.2414, -0.74512899, -0.61880201, -0.248731, 0.0260821, 0.345631, -0.93800801], "cam_t_m2c": [101.03969903, -121.91886104, 812.31073116], "obj_bb": [320, 101, 141, 147], "obj_id": 13, "kps": [392.42662416784765, 168.21147025591597, 374.703805997603, 261.1739040877369, 356.76564782357207, 236.80261337850277, 319.02452319443614, 213.34548779867725, 292.3911530471095, 181.9859050816255, 488.67027061282323, 132.90459785105563, 491.59335096702523, 85.46565454591062, 428.2344434131569, 91.25440891595267, 420.6110330107456, 39.177427252138344]}]}, "50": {"img_name": "0050", "gt": [{"cam_R_m2c": [0.70849502, -0.66133797, -0.246307, -0.705661, -0.65953398, -0.258955, 0.00880866, 0.35727701, -0.93395698], "cam_t_m2c": [105.56283051, -141.34888648, 751.68642438], "obj_bb": [321, 75, 158, 157], "obj_id": 13, "kps": [400.7000353708139, 147.68520278025989, 376.108849587006, 247.1739421748537, 356.2200414270878, 216.59761492632273, 319.99189184117284, 193.4056211952866, 290.8159315573276, 154.62174040618635, 507.26829349376254, 116.11528690041628, 513.4155492769085, 59.69527106973993, 444.6928424612085, 69.09797355498058, 438.8240158279757, 7.298485576700236]}]}, "51": {"img_name": "0051", "gt": [{"cam_R_m2c": [0.667346, -0.74413902, -0.0300904, -0.73476601, -0.65127301, -0.189638, 0.12152, 0.148663, -0.98139298], "cam_t_m2c": [-87.94919795, -189.6919166, 644.5827624], "obj_bb": [150, 3, 179, 186], "obj_id": 13, "kps": [242.48179762086272, 89.61047766015649, 219.051446690686, 206.3869936697354, 187.93204527191367, 169.55097259556962, 150.30980173564177, 144.67009271335465, 103.40524508568821, 93.93768373873607, 360.54108319992656, 56.9421270636345, 364.7588299816842, -13.460956720357167, 291.34558063673154, 1.4134401673652799, 279.4614887652931, -79.74442666018744]}]}, "52": {"img_name": "0052", "gt": [{"cam_R_m2c": [0.55982202, -0.82577503, -0.0685154, -0.75692302, -0.47599199, -0.44777101, 0.33714601, 0.302533, -0.89151901], "cam_t_m2c": [5.53690749, 5.97029972, 1019.18721516], "obj_bb": [269, 201, 102, 122], "obj_id": 13, "kps": [325.3053052062976, 255.9030929894311, 317.97656764962284, 333.92775336535743, 310.766626455436, 306.339761471027, 265.2138090703871, 300.1927181407668, 251.14827063685271, 269.1064535547661, 393.25135902532537, 225.4987640638272, 396.32668677215884, 186.46240091190253, 342.14599372588305, 197.7307381156832, 338.7948283461364, 156.6362757222996]}]}, "53": {"img_name": "0053", "gt": [{"cam_R_m2c": [0.55573702, -0.82849699, -0.0689135, -0.75100398, -0.46474099, -0.469051, 0.35657999, 0.31242299, -0.88047898], "cam_t_m2c": [8.67388413, 17.69080131, 989.76233118], "obj_bb": [269, 206, 105, 126], "obj_id": 13, "kps": [327.13670169071787, 263.2091676509276, 319.965089556148, 343.8763046799212, 312.75218353598933, 314.5443568550318, 265.30378836068945, 309.3650385611376, 250.8411930497246, 276.47487850683353, 396.51691872383316, 232.14287705493177, 399.95854655648213, 191.10230657148648, 343.8256553647649, 204.18253049404464, 340.5396270786752, 161.17125648896422]}]}, "54": {"img_name": "0054", "gt": [{"cam_R_m2c": [0.55054802, -0.83192098, -0.0693157, -0.75702697, -0.462533, -0.46149099, 0.351863, 0.30654699, -0.88443297], "cam_t_m2c": [1.00488763, 3.45263924, 880.6685111], "obj_bb": [257, 193, 118, 141], "obj_id": 13, "kps": [322.49750694344505, 256.59991788294786, 314.9108098547029, 347.15239868435737, 305.77874553709023, 315.0347016101561, 253.7131866703263, 308.6617270011508, 235.34312690610818, 271.9447628250554, 399.7439172690695, 221.76089203168394, 404.11678729965035, 174.58346081973127, 341.0091277878576, 191.26840405703263, 336.88821072023273, 141.71795776691567]}]}, "55": {"img_name": "0055", "gt": [{"cam_R_m2c": [0.245492, -0.94974601, -0.194207, -0.91190898, -0.158287, -0.37863901, 0.32887101, 0.27005199, -0.90494001], "cam_t_m2c": [-19.11098533, 5.40592895, 793.16738924], "obj_bb": [261, 182, 99, 166], "obj_id": 13, "kps": [312.5404554956824, 259.7297176480646, 338.9958035912421, 356.4242464732717, 318.22360380722716, 332.50979455615675, 260.91409807627986, 339.0668121728728, 226.8990561910301, 313.0869662588518, 378.7474626635204, 192.5549978194688, 367.02689523878917, 143.63580843330934, 306.5195154235964, 182.5349403108543, 283.56510142456096, 133.97817848123674]}]}, "56": {"img_name": "0056", "gt": [{"cam_R_m2c": [0.024782, -0.99389201, -0.107543, -0.94961703, 0.0102164, -0.313247, 0.312433, 0.109887, -0.94356298], "cam_t_m2c": [37.14830588, -26.09028378, 1004.09309078], "obj_bb": [315, 174, 66, 130], "obj_id": 13, "kps": [347.59719008276784, 237.79996865682108, 381.40301930050276, 308.16468896005534, 380.0425923759814, 289.57994319888275, 315.68726806461206, 308.0040882759772, 304.6624948241122, 289.6634333036273, 380.6186223189619, 175.99461935814358, 379.2636527435532, 140.8334262643233, 319.65627347006205, 177.3854496778648, 310.07203448907376, 142.87747321994667]}]}, "57": {"img_name": "0057", "gt": [{"cam_R_m2c": [0.0172237, -0.99352902, -0.112268, -0.94756198, 0.0196162, -0.31896901, 0.319107, 0.111874, -0.94109201], "cam_t_m2c": [30.04224252, -16.28769042, 977.00760858], "obj_bb": [311, 178, 68, 134], "obj_id": 13, "kps": [344.2134897973725, 243.40209372301658, 379.6502508688736, 315.44636248267886, 377.5108970495905, 296.8182137674426, 312.1446689965196, 315.8033923841502, 299.8028233342645, 297.5112358564247, 377.8544100436254, 179.64528190316682, 375.6492115012846, 143.55796146173287, 315.4680993541593, 181.62489152209432, 304.64791691291913, 146.31099355021354]}]}, "58": {"img_name": "0058", "gt": [{"cam_R_m2c": [-0.0598439, -0.99812102, 0.0131258, -0.99775302, 0.0594145, -0.0309727, 0.0301346, -0.0149498, -0.99943399], "cam_t_m2c": [-7.99153163, -56.70871442, 1003.44552583], "obj_bb": [290, 143, 65, 140], "obj_id": 13, "kps": [321.58001023026196, 217.98565603861437, 356.228155190263, 279.9561754968536, 362.0656396140251, 283.0098804016869, 292.9672934034258, 283.79534742475244, 289.2019845030986, 287.43832998520486, 347.8048838518706, 142.69246530041926, 352.32685806399104, 125.07298702084306, 284.98725048279323, 146.2781428096453, 280.0505806644198, 129.1657137645307]}]}, "59": {"img_name": "0059", "gt": [{"cam_R_m2c": [-0.0833062, -0.99634498, -0.0188877, -0.99646503, 0.0834921, -0.0092739, 0.010817, 0.0180483, -0.99977899], "cam_t_m2c": [11.05495069, -55.40316541, 967.95943966], "obj_bb": [301, 140, 67, 145], "obj_id": 13, "kps": [333.0290368599116, 217.62525674245603, 370.65877416040695, 280.22727443548735, 376.11142168250745, 285.40781174507043, 305.47785442534126, 285.6139003562424, 300.6652503251513, 291.6293466805798, 358.6834438674753, 138.05500534102703, 362.23690988598474, 120.87357448819758, 293.70202290260363, 143.7192315160496, 287.0578955499551, 127.4667855382918]}]}, "60": {"img_name": "0060", "gt": [{"cam_R_m2c": [-0.0328703, -0.99603802, -0.0826292, -0.99941301, 0.033557, -0.0069349, 0.00968022, 0.0823527, -0.99655598], "cam_t_m2c": [21.58370619, -59.92600364, 775.71973135], "obj_bb": [304, 113, 82, 178], "obj_id": 13, "kps": [342.87761727917245, 208.47276206916396, 387.0502172624427, 288.22108514226966, 389.93201259678284, 296.7050422904965, 306.83724027216806, 290.3747933299411, 293.76787180455403, 299.1692195825811, 381.09938834340727, 112.37017764361609, 382.7782702136656, 85.58036594949711, 301.18983774160444, 116.53105262815846, 287.05006822007493, 90.93109165847966]}]}, "61": {"img_name": "0061", "gt": [{"cam_R_m2c": [-0.0296258, -0.99709803, -0.0701343, -0.99949199, 0.0303745, -0.00963336, 0.0117357, 0.0698132, -0.997491], "cam_t_m2c": [14.59690391, -62.81967142, 791.99741554], "obj_bb": [299, 114, 80, 174], "obj_id": 13, "kps": [337.39376592547234, 207.13810631174405, 380.34192163179364, 285.6378107118892, 383.25875678033503, 293.1194665735138, 301.6381788317658, 287.60731487906264, 289.22297346281425, 295.3863602666789, 375.05448903469716, 113.30294379463142, 376.9237469623414, 87.00977627884969, 296.67589849165023, 116.90776777641106, 283.3518597000026, 91.61144956983752]}]}, "62": {"img_name": "0062", "gt": [{"cam_R_m2c": [-0.0142675, -0.99989098, -0.00373883, -0.99988502, 0.0142868, -0.00516658, 0.00521943, 0.00366468, -0.99997997], "cam_t_m2c": [0.71259019, -85.94520275, 910.13031122], "obj_bb": [291, 115, 70, 153], "obj_id": 13, "kps": [326.39732522515595, 197.26546921128588, 361.5131372433826, 267.0283986468116, 367.25337381948685, 270.73317538752246, 292.31684867846656, 268.00780731556995, 286.4160013479055, 271.87539361003644, 359.31392526558733, 116.05540103863189, 364.67546893195805, 94.38972331625493, 290.2136212932237, 117.10024694548696, 283.9690625882404, 95.62121287316343]}]}, "63": {"img_name": "0063", "gt": [{"cam_R_m2c": [0.0384192, -0.99900401, -0.0226729, -0.93983603, -0.0284172, -0.34044299, 0.33945999, 0.0343883, -0.93999201], "cam_t_m2c": [45.51827756, 39.88275658, 1020.35973108], "obj_bb": [317, 211, 65, 130], "obj_id": 13, "kps": [350.906146251886, 274.70948628634096, 380.9938383906376, 345.063773533276, 387.1183418511762, 329.76654745626826, 315.9349417284949, 342.8138982252566, 312.57080619436726, 327.25780403425017, 