{"class": 14, "diam": 282.60129399, "obj_name": "lamp", "img_path": "../../dataset/Linemod_preprocessed/data/14/rgb", "depth_path": "../../dataset/Linemod_preprocessed/data/14/depth", "mask_path": "../../dataset/Linemod_preprocessed/data/14/mask", "trainlist": "../../dataset/Linemod_preprocessed/data/14/train.txt", "testlist": "../../dataset/Linemod_preprocessed/data/14/test.txt", "gt_num": 1227, "0": {"img_name": "0000", "gt": [{"cam_R_m2c": [-0.00145487, 0.99319601, -0.116445, 0.89669001, -0.0502498, -0.439798, -0.44265699, -0.105055, -0.89051598], "cam_t_m2c": [74.94730737, -151.71167723, 996.39814579], "obj_bb": [332, 86, 73, 116], "obj_id": 14, "kps": [369.94469720353953, 159.35935816479503, 339.8051707774791, 145.16739934281895, 327.7914587645267, 69.43568846080463, 399.2036073171887, 141.1036458821307, 399.02059558208015, 63.55538626230816, 340.8870426225621, 236.15822600964773, 327.85910821747706, 172.5490039921441, 405.43355065754014, 232.82530710291994, 406.6215845883659, 167.54689748891855]}]}, "1": {"img_name": "0001", "gt": [{"cam_R_m2c": [-0.0600441, 0.98347402, -0.17080399, 0.87906498, -0.0289684, -0.47582099, -0.47290599, -0.178718, -0.86279798], "cam_t_m2c": [124.77183954, -122.60897238, 946.90663404], "obj_bb": [361, 95, 77, 123], "obj_id": 14, "kps": [402.2976353496036, 172.66744863434877, 372.81485362192035, 158.68948610957133, 359.5777968945834, 78.24205927695232, 435.331032642998, 155.24196290476843, 434.66193303197076, 72.18731804142764, 370.4043918595253, 252.98295024378365, 355.06949055132117, 184.29126916697498, 438.9954566285799, 251.22182752299648, 439.0916897791896, 180.30841944095698]}]}, "2": {"img_name": "0002", "gt": [{"cam_R_m2c": [-0.143778, 0.98351902, -0.109632, 0.88194197, 0.0770939, -0.465011, -0.44889501, -0.16354799, -0.87848997], "cam_t_m2c": [75.49116027, -139.99625173, 852.16838144], "obj_bb": [326, 65, 89, 139], "obj_id": 14, "kps": [377.1625455579994, 153.42575860907743, 350.3483798214039, 136.29342729366255, 339.68563092562874, 42.114569072235774, 418.36516825922945, 139.52258743692366, 423.47131218768055, 43.82187653232994, 334.48663096254114, 238.6427125832149, 318.36853326862166, 159.09670238917712, 409.1252153789674, 244.415831889778, 412.4338182704312, 164.2284946132696]}]}, "3": {"img_name": "0003", "gt": [{"cam_R_m2c": [-0.14917099, 0.98416299, -0.0957689, 0.88728398, 0.0904776, -0.45226201, -0.436434, -0.152439, -0.886729], "cam_t_m2c": [67.70008613, -152.82909791, 839.52085989], "obj_bb": [320, 53, 91, 142], "obj_id": 14, "kps": [372.5604358472352, 143.352419556473, 345.6183772864227, 125.80978042414803, 335.80321936944694, 29.046720292082792, 414.4272484769384, 129.9612622437228, 421.0488593382296, 31.977817543414172, 328.3245254164523, 229.38610331732656, 312.67808085118315, 148.1152225517622, 403.70786007178987, 236.0665532015916, 408.2496966968395, 154.51178521116756]}]}, "4": {"img_name": "0004", "gt": [{"cam_R_m2c": [-0.193795, 0.98009002, 0.0431999, 0.87984598, 0.193115, -0.434255, -0.43395099, -0.0461471, -0.89975399], "cam_t_m2c": [-21.17299551, -151.04508288, 767.58159308], "obj_bb": [249, 36, 106, 157], "obj_id": 14, "kps": [310.06779053195623, 135.57206828375408, 285.14302003140773, 112.55236876107449, 281.77104657191734, 4.113614715522483, 357.9121989075452, 126.1895660040713, 374.083021598732, 20.59165577312978, 253.42935264587734, 223.36965154584797, 239.93844890822686, 133.47625291629527, 333.8426480807458, 239.21628761706884, 344.9090020897215, 153.40370832569636]}]}, "5": {"img_name": "0005", "gt": [{"cam_R_m2c": [-0.190705, 0.979002, 0.0720222, 0.86803198, 0.20244101, -0.453363, -0.45842299, -0.0239412, -0.88841099], "cam_t_m2c": [-45.79393879, -132.14525283, 750.35318604], "obj_bb": [227, 46, 110, 160], "obj_id": 14, "kps": [290.86499592586074, 147.55797029625367, 266.456763543979, 123.91484651645385, 263.1203383994906, 13.37175020610433, 340.39932823769396, 138.9003369787447, 357.0253556354195, 31.960968651995472, 231.8859700858707, 236.60908259551388, 217.31973709055154, 144.15249459434355, 314.34568604599264, 253.74406986794466, 325.40242737162237, 166.19703377076632]}]}, "6": {"img_name": "0006", "gt": [{"cam_R_m2c": [-0.217861, 0.97515702, 0.0400579, 0.86227697, 0.21154401, -0.46013999, -0.457183, -0.0657054, -0.88694203], "cam_t_m2c": [-53.31390346, -111.00420518, 646.44769032], "obj_bb": [198, 32, 139, 186], "obj_id": 14, "kps": [278.59975823039946, 151.11962131199994, 258.0796813478861, 124.61029277579456, 245.10805292834124, -5.64378836661876, 341.30408899155236, 141.68554119584726, 354.6246210007425, 15.165345819518768, 212.87136106941801, 252.85412169940798, 180.75819764082829, 146.44039178218995, 306.78085603127585, 273.66218967461674, 309.55879482972324, 173.44794228082876]}]}, "7": {"img_name": "0007", "gt": [{"cam_R_m2c": [-0.45806399, 0.885732, 0.075208, 0.71217, 0.41630101, -0.56524998, -0.53196901, -0.20536, -0.82148403], "cam_t_m2c": [72.52642296, -135.23475392, 991.08840501], "obj_bb": [316, 95, 91, 124], "obj_id": 14, "kps": [366.34914484074665, 168.52642691409253, 354.7083670200536, 155.94425159861757, 369.48648009114294, 69.14324793789517, 408.6212239382308, 179.17762076097955, 433.7599966665501, 94.4586007763372, 306.3976595077082, 227.0132451577785, 313.21301464241884, 143.76581132703924, 364.9110003256726, 254.4237369875631, 384.1558608038542, 174.50283575219186]}]}, "8": {"img_name": "0008", "gt": [{"cam_R_m2c": [-0.48448801, 0.87206298, 0.0691166, 0.707142, 0.436923, -0.55592197, -0.51499802, -0.22046199, -0.82835603], "cam_t_m2c": [96.02881954, -134.1883268, 951.11295329], "obj_bb": [330, 89, 95, 130], "obj_id": 14, "kps": [382.11245856624726, 166.05957442728086, 370.0991664339423, 152.48233650667234, 387.71197867446995, 62.23038378372375, 425.6687811016337, 177.68311314422456, 454.66215894690026, 89.76541512608239, 318.4549896051967, 225.50331860225367, 327.23444369096165, 139.43912935859163, 378.616578350029, 255.3567618879067, 400.99834684189506, 173.0991846873957]}]}, "9": {"img_name": "0009", "gt": [{"cam_R_m2c": [-0.46177199, 0.88604403, 0.0411436, 0.73778802, 0.409428, -0.53669202, -0.492378, -0.217474, -0.84277499], "cam_t_m2c": [81.51602474, -139.3579466, 854.31393265], "obj_bb": [319, 67, 107, 145], "obj_id": 14, "kps": [379.0173259753009, 154.04159009067183, 366.1160824313098, 138.82578445109195, 381.05218522395955, 37.120469533617566, 428.0405555205619, 164.31082790903926, 457.3266800899863, 65.06630191764947, 311.41411490627553, 222.23109447377007, 314.8955717972756, 127.13555069944115, 378.77731159758866, 253.0321180976332, 399.62843840316566, 162.35006888905556]}]}, "10": {"img_name": "0010", "gt": [{"cam_R_m2c": [-0.246978, 0.959131, -0.13809, 0.82169098, 0.131753, -0.55449599, -0.51363999, -0.25041601, -0.82064998], "cam_t_m2c": [39.06728062, -111.83451995, 744.06743797], "obj_bb": [288, 58, 122, 166], "obj_id": 14, "kps": [356.17881763753064, 162.1981568070557, 339.53146330768124, 150.13821628063326, 319.69858120024577, 34.24275470080937, 414.4143996722197, 157.2598934680594, 412.6086803511638, 38.23513365769506, 305.24003587218044, 258.6301364559199, 272.3792239702719, 153.84844703715274, 389.0196947743346, 270.9077427564096, 379.3629529818819, 164.5279085765198]}]}, "11": {"img_name": "0011", "gt": [{"cam_R_m2c": [-0.139027, 0.96952701, -0.201713, 0.84880102, 0.0117424, -0.52858198, -0.51010603, -0.244702, -0.82456797], "cam_t_m2c": [-5.59748588, -104.39048579, 659.44352828], "obj_bb": [244, 41, 140, 184], "obj_id": 14, "kps": [322.2312757678218, 158.25760295753645, 306.21834420100066, 146.8878968599292, 262.39056212344474, 19.363746830308365, 388.7964911255975, 144.40428588139676, 366.7237220696972, 10.129630356994646, 280.6657846542561, 272.31350553255925, 219.92960843770317, 161.31217954541293, 374.72698174327473, 274.7583067949252, 343.2357054814737, 158.2781025807545]}]}, "12": {"img_name": "0012", "gt": [{"cam_R_m2c": [0.0637002, 0.99495101, -0.077553, 0.89306098, -0.0915147, -0.44053099, -0.44540399, -0.0411977, -0.894382], "cam_t_m2c": [85.96265328, -78.11311483, 943.9697404], "obj_bb": [343, 125, 79, 116], "obj_id": 14, "kps": [379.2941868034939, 199.41849512037373, 340.6266358161927, 180.5760164409663, 333.33926183965616, 107.42641201437873, 402.67062114361323, 174.58846949480966, 408.60917614229896, 99.7606168890015, 349.455469598478, 279.42210287257427, 343.43813487641575, 221.43913081673264, 417.2040310968526, 273.3717790158716, 427.271806440418, 213.59789742629317]}]}, "13": {"img_name": "0013", "gt": [{"cam_R_m2c": [0.0470232, 0.99401498, -0.0986062, 0.91682601, -0.0821339, -0.39074799, -0.39650801, -0.0720305, -0.91520101], "cam_t_m2c": [54.74508121, -122.01440931, 808.65562239], "obj_bb": [321, 71, 92, 139], "obj_id": 14, "kps": [366.193170297104, 161.19032293923513, 326.43648664302987, 140.28964858252507, 310.8211409338125, 50.815012626223144, 397.55582173582155, 133.48611052590476, 400.3285302617566, 41.21974016810897, 332.8293124294658, 253.63940555406316, 317.1977934854, 186.23719316676932, 410.6598792706027, 247.31562447881484, 417.6017002449513, 177.20555704729315]}]}, "14": {"img_name": "0014", "gt": [{"cam_R_m2c": [-0.0883548, 0.99594498, -0.0169249, 0.93474698, 0.0770311, -0.346863, -0.344152, -0.0464675, -0.93776298], "cam_t_m2c": [34.38492841, -160.29573703, 711.11189771], "obj_bb": [297, 12, 105, 164], "obj_id": 14, "kps": [354.36703641462145, 119.61889069636764, 316.17333600811565, 91.47098459436363, 310.1924295017435, -20.249321518753092, 395.72166967755413, 96.66359991171403, 414.39887906964856, -14.393890279357464, 302.1655295575789, 217.80096097788177, 290.6270578131479, 136.1975381398415, 388.8061958218829, 224.35683094719667, 407.350375460847, 144.25943964078522]}]}, "15": {"img_name": "0015", "gt": [{"cam_R_m2c": [-0.214507, 0.975218, 0.0541841, 0.91220301, 0.21985701, -0.34575799, -0.34910199, -0.0247406, -0.93675798], "cam_t_m2c": [-6.83929016, -152.4220493, 623.61990683], "obj_bb": [243, -16, 130, 192], "obj_id": 14, "kps": [319.5336533148963, 109.86563601978088, 288.9433822575382, 75.20407930422786, 287.8011287035442, -59.57524443803648, 375.58595354035396, 94.16651178573306, 405.44714456448236, -34.53006840913256, 249.02795957097806, 212.20897069549497, 231.45108557792213, 113.75691183147613, 344.4514337457613, 233.71162752611926, 365.8960136363537, 143.4872478222918]}]}, "16": {"img_name": "0016", "gt": [{"cam_R_m2c": [0.50339001, 0.85702401, -0.110036, 0.73137897, -0.49043301, -0.473878, -0.46009001, 0.158067, -0.873689], "cam_t_m2c": [14.11344769, -62.26385402, 972.80560305], "obj_bb": [294, 140, 96, 114], "obj_id": 14, "kps": [337.16684040355807, 208.85612771121427, 285.9614594246908, 212.3228009914821, 263.3466747524913, 143.12853391996742, 338.1007786164814, 183.29259741936832, 326.3106328676089, 109.69816075646932, 340.2881097594181, 293.95829980289085, 327.3881187790071, 235.36663139894426, 396.18254575497247, 260.8125142036699, 395.9238115475574, 196.1883022098467]}]}, "17": {"img_name": "0017", "gt": [{"cam_R_m2c": [0.51633, 0.84873497, -0.114241, 0.72776699, -0.50517398, -0.46384799, -0.451395, 0.156358, -0.87851799], "cam_t_m2c": [13.6937352, -67.47200032, 897.25261666], "obj_bb": [290, 127, 106, 124], "obj_id": 14, "kps": [337.9574394770924, 202.67401412093437, 282.61696525881507, 207.31467479372222, 256.53009130404376, 132.09887467493505, 338.0631403500473, 175.30498175849712, 324.6248562597133, 94.72264720627928, 342.597080757788, 294.52597153289844, 328.3161053824366, 231.90865145568893, 402.21423195825133, 257.7574753998408, 402.8288152624507, 187.66795516287755]}]}, "18": {"img_name": "0018", "gt": [{"cam_R_m2c": [0.503043, 0.85611999, -0.118347, 0.73042703, -0.49433699, -0.47128299, -0.46197799, 0.15063199, -0.87400597], "cam_t_m2c": [15.1093542, -54.09660949, 840.86577967], "obj_bb": [289, 128, 113, 132], "obj_id": 14, "kps": [339.73083226063693, 209.19954921444727, 281.8140760957156, 213.15694329349793, 253.1425239697953, 132.99575627495523, 340.8927777512162, 179.9431373968786, 326.54910217197005, 93.8521956596232, 343.7790329236301, 306.98105365337, 327.89916995871636, 241.20415638947873, 407.81942173338314, 268.4306676997906, 409.14473279394014, 194.17968286835466]}]}, "19": {"img_name": "0019", "gt": [{"cam_R_m2c": [0.42243099, 0.90221697, -0.0869259, 0.759601, -0.40470999, -0.50913298, -0.494528, 0.14904401, -0.856287], "cam_t_m2c": [8.3818934, -19.28118116, 747.265089], "obj_bb": [284, 139, 120, 150], "obj_id": 14, "kps": [335.9419461504371, 232.23126780476073, 274.27396596186134, 230.08428034199488, 245.7301234146917, 137.72512999826813, 343.0269634835931, 199.86321208081398, 332.73080554176585, 102.05802050335448, 330.71930865937463, 342.085841839473, 314.62585603796, 268.42046652924387, 406.8951281402314, 305.58952330297416, 413.8808381785116, 223.19064651214723]}]}, "20": {"img_name": "0020", "gt": [{"cam_R_m2c": [0.29943201, 0.954059, 0.0105916, 0.85775697, -0.26431301, -0.440898, -0.417844, 0.141104, -0.89749497], "cam_t_m2c": [-22.43549781, -74.47712293, 650.72466634], "obj_bb": [257, 69, 126, 177], "obj_id": 14, "kps": [309.434449839793, 182.88454213868565, 244.47764561235846, 169.25231228319836, 220.4469886629087, 54.155177302978245, 326.83594592882906, 148.37438722440848, 329.46583916389955, 29.842422621143676, 284.67500476915865, 304.0480786173524, 271.84466416790116, 220.70061276849273, 375.9110414724229, 277.53729684318324, 396.9875310027146, 187.11459154082914]}]}, "21": {"img_name": "0021", "gt": [{"cam_R_m2c": [-0.110123, 0.99362099, -0.0242962, 0.98235297, 0.105091, -0.154718, -0.151178, -0.0409054, -0.98765999], "cam_t_m2c": [-55.21706176, -105.94756511, 992.52843468], "obj_bb": [250, 124, 81, 107], "obj_id": 14, "kps": [294.4738788120622, 185.56907896400057, 273.9774851006487, 141.56602359319288, 258.77567891021863, 97.30043440747363, 334.05200208937464, 147.5205287588067, 332.8150651194708, 104.41033671097208, 260.7214913049741, 244.23369157901053, 241.79450290123742, 223.12924736634372, 322.44517316397406, 250.81540601237316, 318.3548682705313, 231.1872976634061]}]}, "22": {"img_name": "0022", "gt": [{"cam_R_m2c": [-0.126305, 0.99169397, -0.0243037, 0.982593, 0.121707, -0.140349, -0.136225, -0.0416074, -0.98980403], "cam_t_m2c": [-46.17366758, -111.06100758, 945.27051492], "obj_bb": [251, 115, 86, 113], "obj_id": 14, "kps": [298.3298483874393, 179.6582939089785, 277.4405394141328, 132.88738540230196, 262.19413497091415, 85.94962954067266, 340.153001224575, 140.12302941258417, 340.3603993577974, 94.70825816259946, 262.0362734391382, 240.13602704144319, 242.35808137872388, 218.9396003778803, 326.35344986991873, 248.07318731580884, 323.03305664081324, 228.78376231301712]}]}, "23": {"img_name": "0023", "gt": [{"cam_R_m2c": [-0.440054, 0.89650798, 0.0512441, 0.88767397, 0.44291601, -0.125938, -0.135601, -0.0099314, -0.99071401], "cam_t_m2c": [-22.6288292, -134.08780556, 841.94636579], "obj_bb": [245, 81, 118, 135], "obj_id": 14, "kps": [309.1019206338943, 156.4210917529294, 303.7334665156431, 100.77874275100709, 306.00588863908933, 40.54230124849433, 366.6061809957827, 131.74464582621687, 386.5920592902138, 80.13666400257013, 248.3311304522325, 207.31426461442734, 234.5152516052771, 175.88670199699544, 312.99041723904946, 239.3277936314715, 318.060187090674, 217.21090129349724]}]}, "24": {"img_name": "0024", "gt": [{"cam_R_m2c": [-0.431099, 0.89692301, 0.0983977, 0.86018598, 0.44145399, -0.25534201, -0.27246001, -0.0254373, -0.96183097], "cam_t_m2c": [-86.89780943, -30.15246904, 746.51696007], "obj_bb": [180, 140, 141, 153], "obj_id": 14, "kps": [257.7586953244485, 225.27440376651413, 255.90638134548345, 166.085043988048, 252.6192362589515, 96.59073459717234, 324.7460819092125, 199.89274512710804, 342.4988626853805, 140.42793094450954, 190.31787210098025, 282.783481537488, 164.9761950012607, 245.78023180103133, 263.56548366738707, 319.2999886884081, 262.5198271129137, 294.2904406231215]}]}, "25": {"img_name": "0025", "gt": [{"cam_R_m2c": [-0.412595, 0.91068, 0.0206938, 0.8876, 0.407038, -0.215607, -0.204772, -0.0705906, -0.97626102], "cam_t_m2c": [-61.08215375, -58.02259277, 642.2410654], "obj_bb": [178, 95, 167, 181], "obj_id": 14, "kps": [270.22921051236165, 197.72896781140778, 269.5981140396612, 131.10995980728154, 253.5165419814675, 43.32660075824698, 349.44967266704487, 165.93561450916508, 363.0694899552948, 89.89592039513845, 200.66786513386765, 266.5312625928898, 155.80703685724706, 225.76688146285625, 284.330177937824, 304.92589039996227, 272.6566529455914, 279.0651910655734]}]}, "26": {"img_name": "0026", "gt": [{"cam_R_m2c": [0.322974, 0.94313598, 0.0786268, 0.87551802, -0.26620099, -0.40324399, -0.35938299, 0.199076, -0.91170901], "cam_t_m2c": [-69.15627491, 22.34193567, 994.57554368], "obj_bb": [250, 194, 86, 110], "obj_id": 14, "kps": [287.9881345286962, 259.09011937169265, 240.22369870807321, 237.96737027638846, 232.70797614094457, 183.65816326904132, 297.73806723838635, 222.27952029932248, 302.2259495150335, 166.09324932288857, 270.2649444318276, 335.4431694846232, 268.9766098710495, 298.76766582620803, 331.05478992606766, 316.5402222651636, 343.33632938800156, 276.64106047471523]}]}, "27": {"img_name": "0027", "gt": [{"cam_R_m2c": [0.315458, 0.94719201, 0.0575595, 0.87851602, -0.26857799, -0.395064, -0.358742, 0.175193, -0.91684902], "cam_t_m2c": [-54.97959564, 11.67238146, 947.98796637], "obj_bb": [256, 185, 88, 115], "obj_id": 14, "kps": [294.7278057131175, 253.47132971108493, 245.72758629872968, 231.53290130702607, 236.00754547614366, 174.08717816865249, 305.67071219124733, 215.12681643117867, 309.2310936745592, 155.4285845164667, 276.64686253301505, 333.2385074144088, 273.56386457613235, 295.3143639274429, 340.24903962714853, 313.60186460694774, 352.32215284794836, 271.97148881934123]}]}, "28": {"img_name": "0028", "gt": [{"cam_R_m2c": [0.114232, 0.98949701, 0.0885851, 0.91346103, -0.0695598, -0.400938, -0.39056501, 0.126719, -0.91181201], "cam_t_m2c": [-58.02523995, 20.20020493, 848.34394411], "obj_bb": [247, 184, 88, 124], "obj_id": 14, "kps": [288.0875156575588, 261.0847945010311, 244.8627335564554, 226.93458331162566, 238.71428770056264, 160.6249319089576, 313.26099666649293, 222.4289107271187, 323.87663255108566, 156.26191988862536, 252.5480749279577, 344.0751424629698, 247.827934495759, 302.62423300393465, 326.7628167150176, 337.26419176660204, 342.19916210770765, 294.83270744882395]}]}, "29": {"img_name": "0029", "gt": [{"cam_R_m2c": [0.091767, 0.992809, 0.0768692, 0.90908098, -0.052023, -0.41336, -0.40638801, 0.107813, -0.90731698], "cam_t_m2c": [-52.45224946, 22.3934236, 829.36675652], "obj_bb": [248, 184, 89, 126], "obj_id": 14, "kps": [290.9971822159761, 263.07981556134104, 248.7688014664282, 228.41972793767445, 241.71635865509717, 159.16198078711926, 318.4936254069956, 224.9888343976499, 328.83398470377995, 156.00768733729745, 253.72773850628707, 347.7239941277263, 247.22511179216428, 303.79467504435553, 329.8414503929299, 342.275591898485, 344.5499908800022, 297.6356648809055]}]}, "30": {"img_name": "0030", "gt": [{"cam_R_m2c": [0.00555179, 0.99869001, 0.0508721, 0.92168599, 0.0146232, -0.38766101, -0.38789701, 0.0490403, -0.92039698], "cam_t_m2c": [-41.03861841, 4.06129958, 749.3417986], "obj_bb": [243, 163, 99, 139], "obj_id": 14, "kps": [295.6649869515061, 251.4226772338194, 256.733022439952, 210.18236630126427, 246.21221947769135, 132.19621567200943, 332.8372699145995, 211.49927420241175, 343.9279308231852, 134.53489572655727, 250.82787335306566, 340.45000532910484, 237.04367497022966, 294.33175709178175, 334.3696066413629, 340.96722158107036, 347.37080687640326, 295.44720966071077]}]}, "31": {"img_name": "0031", "gt": [{"cam_R_m2c": [0.0351832, 0.99822998, 0.0479491, 0.95996398, -0.0204148, -0.27937901, -0.27790499, 0.0558588, -0.958983], "cam_t_m2c": [-74.3948558, -44.73446814, 641.37871803], "obj_bb": [197, 105, 117, 168], "obj_id": 14, "kps": [261.25711694092246, 209.267274518209, 219.6059019401333, 159.00393251924046, 191.69758176691488, 68.3816698247357, 307.3107920317306, 157.9297597839888, 311.13187982820074, 67.9672664285978, 216.9746479402062, 309.5064560599105, 184.90355886238763, 269.3944405663499, 311.59371020712354, 306.97036371295764, 317.53640233307857, 266.36350264600185]}]}, "32": {"img_name": "0032", "gt": [{"cam_R_m2c": [-0.49247801, 0.86997002, 0.0248638, 0.76629001, 0.44697699, -0.461532, -0.41263199, -0.208241, -0.88677502], "cam_t_m2c": [-43.73796758, -15.76612878, 969.07613153], "obj_bb": [239, 168, 112, 114], "obj_id": 14, "kps": [298.5033478685851, 237.69142856584602, 300.89186530397706, 205.75025888220296, 299.19894771842263, 137.62013599133266, 353.9835351318463, 232.55038549884853, 363.3409170071792, 168.17397196724937, 243.52789436674175, 289.16531202548424, 228.83641525211758, 232.93354804836918, 299.63499847406257, 320.21740575431375, 297.42898399358216, 269.45797065418367]}]}, "33": {"img_name": "0033", "gt": [{"cam_R_m2c": [-0.510737, 0.859667, 0.0109786, 0.74849099, 0.45089599, -0.486265, -0.42297599, -0.240137, -0.87374198], "cam_t_m2c": [-34.62332067, -4.45173262, 955.6048654], "obj_bb": [243, 174, 114, 115], "obj_id": 14, "kps": [303.5198230039976, 244.40791734586742, 307.3869464337513, 213.41230056200234, 305.22401318002085, 142.97749904734667, 360.6925714061226, 240.92278407159108, 369.5971963337761, 174.0007483752541, 247.64888218973812, 296.51233966011614, 231.9200318967228, 237.37899259904998, 303.8701109829488, 328.77637615103276, 300.58738929430194, 275.02636646252415]}]}, "34": {"img_name": "0034", "gt": [{"cam_R_m2c": [-0.57796597, 0.81483901, -0.0446413, 0.73573399, 0.496627, -0.46049699, -0.35306099, -0.29899499, -0.88653803], "cam_t_m2c": [-3.18716855, -55.38659029, 859.33521807], "obj_bb": [251, 130, 134, 131], "obj_id": 14, "kps": [321.7790846218393, 210.6259423078575, 332.2513825887932, 179.24794698253692, 327.21054606401134, 95.96259093201604, 389.0056582294968, 211.47927183558463, 397.4306354132024, 132.2256818359819, 260.9493198976129, 266.0661720630899, 237.38069187757532, 196.7500545561255, 319.4365250401265, 304.26011421133956, 310.23461278643174, 241.65714334554846]}]}, "35": {"img_name": "0035", "gt": [{"cam_R_m2c": [-0.56353599, 0.82276797, -0.074031, 0.76113498, 0.48230299, -0.43365499, -0.32109201, -0.30072799, -0.89803302], "cam_t_m2c": [-1.68574605, -75.25910756, 832.60679191], "obj_bb": [249, 112, 140, 136], "obj_id": 14, "kps": [322.8632425559307, 195.97624989461298, 334.0356513950733, 163.0678829092408, 324.6969766311984, 76.53135631303817, 393.16115629525575, 194.63843398249892, 398.43370545525323, 112.06261543940636, 262.91894339611514, 254.52326447563544, 233.88536240968392, 184.41119912408968, 323.56877098307507, 292.1279791235025, 309.94364787242716, 228.88199924557216]}]}, "36": {"img_name": "0036", "gt": [{"cam_R_m2c": [-0.36621401, 0.91833597, -0.15015399, 0.88573802, 0.29455599, -0.35875601, -0.28523001, -0.26437801, -0.92127502], "cam_t_m2c": [-50.83360229, -88.9989007, 755.73417126], "obj_bb": [207, 87, 150, 149], "obj_id": 14, "kps": [286.91452473975255, 181.02562084473496, 292.3194587974438, 141.12967033090314, 257.0183313303068, 50.44826876811897, 362.505445847425, 160.44501811774873, 346.10415345587444, 71.20827950940412, 239.38265379270624, 256.96263350885516, 184.7710807709882, 193.4299394602614, 312.557183566869, 282.1161443684875, 278.6083814125591, 223.4131732113777]}]}, "37": {"img_name": "0037", "gt": [{"cam_R_m2c": [-0.235782, 0.93952298, -0.248403, 0.94576901, 0.16307101, -0.28094301, -0.223445, -0.301173, -0.92702103], "cam_t_m2c": [-60.60610011, -91.57888816, 669.28089317], "obj_bb": [187, 66, 165, 166], "obj_id": 14, "kps": [274.82314954392604, 170.82762682461484, 278.88472482714224, 123.35518637766215, 214.28629604012673, 28.75940734283344, 358.6774193938941, 132.15743162092917, 317.4917279426456, 34.75394208978869, 240.19695714612504, 260.7055995063695, 156.89851113537037, 206.4989371462393, 323.0817651847176, 276.75121893712367, 265.10233175851454, 224.89828179776737]}]}, "38": {"img_name": "0038", "gt": [{"cam_R_m2c": [-0.25235099, 0.93748099, -0.239684, 0.94290298, 0.182593, -0.27855599, -0.21737701, -0.29629299, -0.930031], "cam_t_m2c": [-63.35185279, -92.46882375, 657.17397049], "obj_bb": [180, 62, 171, 170], "obj_id": 14, "kps": [271.376399966563, 168.76514231681026, 276.7989506644682, 120.01915280466693, 211.79772424309292, 22.567497878771068, 357.62060610140855, 130.63101437927202, 317.0572789719085, 30.874969623438982, 234.91167263294687, 259.01755373469547, 149.72267694401674, 203.5701808901186, 318.67382908607453, 277.04922156280594, 259.76951497098486, 224.76345050332034]}]}, "39": {"img_name": "0039", "gt": [{"cam_R_m2c": [-0.365255, 0.92161101, -0.13123301, 0.81990898, 0.25173199, -0.51417899, -0.440837, -0.295405, -0.84758401], "cam_t_m2c": [86.04733718, -25.55055381, 983.88181106], "obj_bb": [322, 160, 99, 115], "obj_id": 14, "kps": [375.40547385095726, 232.11771602645533, 367.0045109489199, 207.2914189228019, 358.14341868058045, 134.95950261174036, 424.7134943004003, 221.62785846081337, 426.8366684714226, 149.3758616749039, 330.0020622194289, 295.58018416035264, 312.50831066547, 234.1816689831314, 391.5458832141704, 314.2198450260167, 386.691572646691, 254.30224182526612]}]}, "40": {"img_name": "0040", "gt": [{"cam_R_m2c": [-0.175836, 0.95958102, -0.219742, 0.85404599, 0.0376864, -0.51883, -0.48957801, -0.27889901, -0.82615298], "cam_t_m2c": [79.51893589, 17.15292179, 956.66412753], "obj_bb": [324, 185, 92, 113], "obj_id": 14, "kps": [374.02433767418955, 257.31015608382, 358.3933325916662, 233.5147504566321, 335.95717316389187, 164.06217621049723, 419.40105840606725, 235.61589304948538, 408.0572146579661, 164.04459822729305, 341.43492907241534, 331.0670416355905, 312.75303197030615, 273.9069737372421, 408.07409647299585, 336.6556860625287, 392.83919117980895, 278.3825416591386]}]}, "41": {"img_name": "0041", "gt": [{"cam_R_m2c": [-0.37577701, 0.91205901, -0.16413499, 0.823475, 0.24739701, -0.51057202, -0.42506501, -0.32702199, -0.844024], "cam_t_m2c": [57.17351119, -38.97197605, 752.24938215], "obj_bb": [295, 122, 136, 153], "obj_id": 14, "kps": [368.8898395307656, 218.81714137162845, 362.6788771549963, 189.56556006047782, 344.3381025960941, 90.42492562997361, 435.3213828072055, 206.52420340411092, 434.99243256595145, 106.26552721534853, 313.22613877905343, 301.2874059470034, 278.47058175159424, 220.2158815211295, 391.47088260567966, 325.6413310809541, 377.9460003939391, 246.66819636558694]}]}, "42": {"img_name": "0042", "gt": [{"cam_R_m2c": [-0.40250099, 0.90648901, -0.12755699, 0.82356799, 0.29774699, -0.482786, -0.399661, -0.299373, -0.86639899], "cam_t_m2c": [-18.9049021, -79.64988255, 656.44381167], "obj_bb": [216, 65, 170, 181], "obj_id": 14, "kps": [308.56854606686517, 179.89353367907788, 312.6350846889565, 150.08590474543695, 283.88566916781934, 27.97520929845706, 391.2306169283929, 171.94286023449607, 385.4736904717833, 49.37415729361271, 246.73625576180123, 272.013283646451, 191.18862687647854, 173.18432082007632, 331.208414663334, 302.6643532958303, 302.6207316353311, 208.1358525968591]}]}, "43": {"img_name": "0043", "gt": [{"cam_R_m2c": [-0.00620959, 0.95567501, -0.294357, 0.939197, -0.0954892, -0.329833, -0.343321, -0.27850699, -0.89697498], "cam_t_m2c": [-108.13232736, -60.29356428, 621.86364636], "obj_bb": [138, 81, 166, 176], "obj_id": 14, "kps": [228.90617534365595, 193.69094455950705, 226.66972651877003, 156.3004985786245, 131.86408944878121, 58.11136860247128, 309.80661328879097, 143.71568763038746, 238.4669394545146, 35.19939223461596, 215.79906244158167, 304.30909207943694, 103.88033210165868, 248.35069379961527, 307.10471765902486, 297.69300409898466, 224.20322496951167, 235.20873935839035]}]}, "44": {"img_name": "0044", "gt": [{"cam_R_m2c": [-0.326368, 0.93752003, -0.12058, 0.919083, 0.28493899, -0.27220699, -0.220842, -0.199662, -0.95465398], "cam_t_m2c": [-58.48499552, -142.11392906, 976.47409255], "obj_bb": [234, 94, 110, 113], "obj_id": 14, "kps": [291.2487995122192, 163.62797793704155, 290.4324315507322, 126.9425906548627, 266.45324668199896, 64.57024812584699, 347.7141408802277, 142.13105816138872, 336.2603776333622, 81.59253377614426, 253.41817595195914, 222.42164224727827, 219.47869921830357, 179.29212824642482, 312.3278416249002, 240.41293079280604, 291.69774814442565, 200.43174121067642]}]}, "45": {"img_name": "0045", "gt": [{"cam_R_m2c": [-0.29618001, 0.94940102, -0.104475, 0.92453599, 0.25750801, -0.28093299, -0.239815, -0.17979699, -0.95402402], "cam_t_m2c": [-82.36432985, -97.09252258, 933.5933789], "obj_bb": [215, 116, 114, 118], "obj_id": 14, "kps": [275.18158528870157, 187.64306583132105, 273.35506560020934, 147.60098392326165, 246.47896438501454, 85.83529972792591, 333.30922596318027, 162.27395245733024, 320.17397351304464, 102.48956852759325, 237.16299182490565, 248.5568343372843, 199.69261677136703, 208.2014114057575, 299.2710613604768, 266.0811463893571, 276.6495164712358, 229.12428249948073]}]}, "46": {"img_name": "0046", "gt": [{"cam_R_m2c": [-0.190818, 0.98115999, -0.0302304, 0.942518, 0.174523, -0.28495899, -0.27431399, -0.0828681, -0.95806301], "cam_t_m2c": [-110.63172206, -56.91821168, 917.33634256], "obj_bb": [201, 141, 104, 117], "obj_id": 14, "kps": [257.02905375667814, 211.7239380869748, 245.94384887460743, 169.7845142570635, 222.4969755868087, 111.30804554921026, 308.6438037582534, 180.4156708060692, 300.1966062664954, 123.84803761623893, 219.2399061217825, 275.95612844681693, 187.2618168864857, 240.72865166057463, 285.2169285417424, 288.2377067520192, 270.0554086868129, 255.77556334210996]}]}, "47": {"img_name": "0047", "gt": [{"cam_R_m2c": [-0.0793265, 0.99514103, 0.0583246, 0.94782001, 0.0934192, -0.30480999, -0.30877799, 0.0311017, -0.95062602], "cam_t_m2c": [-115.85672321, 29.79036035, 948.87081648], "obj_bb": [209, 201, 84, 110], "obj_id": 14, "kps": [256.4446973285756, 265.01072517278124, 233.75348915791062, 221.06386903962496, 220.7290277938903, 173.73720220828326, 295.97689876725525, 226.9587819097753, 297.319166522829, 181.18484548195335, 219.03891006992367, 328.3649185805492, 201.3506943081481, 304.0862904705724, 285.1392950890162, 334.23710179932874, 283.9004805470624, 311.52145339436566]}]}, "48": {"img_name": "0048", "gt": [{"cam_R_m2c": [-0.234999, 0.97065198, 0.0510835, 0.88182598, 0.235011, -0.40884301, -0.40885001, -0.0510312, -0.911174], "cam_t_m2c": [-82.33102332, -19.25137857, 1002.80098048], "obj_bb": [229, 169, 90, 108], "obj_id": 14, "kps": [278.53890354149496, 235.91623332845109, 264.71352892280044, 202.40910828044332, 258.89837279288855, 141.7157973887729, 321.86383000134117, 216.14246489500735, 327.7648986339986, 157.88723461468444, 234.22910396034345, 296.1150807434966, 221.03071387460017, 250.59202091620924, 295.7035233859783, 311.4627898565654, 296.27485545966545, 269.08282480324283]}]}, "49": {"img_name": "0049", "gt": [{"cam_R_m2c": [-0.13084801, 0.99139798, -0.00307612, 0.87132102, 0.113519, -0.47740301, -0.472947, -0.0651477, -0.87867898], "cam_t_m2c": [-20.20401005, 53.79373604, 993.36876521], "obj_bb": [270, 211, 79, 106], "obj_id": 14, "kps": [314.45520990049107, 277.9781308849204, 292.613713812466, 246.82268347024365, 285.79494948391533, 186.4384556560212, 351.46493917216054, 253.63280234240338, 356.2657550722592, 194.10884053646154, 275.0147954820773, 344.62099550709064, 263.5782082135213, 298.86177443195527, 339.19799611647665, 352.78799278427334, 341.83353001216125, 308.4185266413797]}]}, "50": {"img_name": "0050", "gt": [{"cam_R_m2c": [-0.00017464, 0.980012, -0.198936, 0.908476, -0.0829873, -0.40961599, -0.41793701, -0.18080001, -0.89030302], "cam_t_m2c": [-32.65744191, -19.79575122, 715.12690205], "obj_bb": [236, 136, 118, 150], "obj_id": 14, "kps": [301.6267895603279, 232.55108689517107, 279.4060971733887, 199.8242491925658, 230.44427519588416, 113.56668089911285, 356.71570286626957, 192.09813561229703, 328.6508625098902, 100.77614389911301, 274.3771170482678, 331.2438007409231, 216.7295261987897, 274.91527901627506, 360.2171676382468, 326.3475362889583, 329.12249264436923, 266.2666104700749]}]}, "51": {"img_name": "0051", "gt": [{"cam_R_m2c": [0.51043499, 0.85377598, 0.102581, 0.77721101, -0.407002, -0.47988701, -0.36796501, 0.32467899, -0.87131202], "cam_t_m2c": [-77.03721595, 21.1083998, 1001.4251604], "obj_bb": [237, 192, 101, 110], "obj_id": 14, "kps": [284.34525772588137, 257.83642721067105, 227.46157510876046, 250.94918210756256, 221.3692712060896, 189.44198980350157, 280.71848232452396, 226.76613501282077, 285.11475606901666, 163.04248998611746, 277.61133619547945, 338.85302770370095, 281.9134106703743, 291.10638777407365, 332.7861354951164, 309.8666683238583, 348.41105649856786, 258.12477681541674]}]}, "52": {"img_name": "0052", "gt": [{"cam_R_m2c": [0.43412799, 0.89483702, 0.103916, 0.79019803, -0.322871, -0.52090502, -0.432574, 0.308254, -0.84726602], "cam_t_m2c": [-37.80768277, 62.31256573, 983.94820079], "obj_bb": [259, 214, 101, 112], "obj_id": 14, "kps": [306.12909220327515, 282.38858492455716, 249.46421936324495, 271.54343780072213, 248.36615529273624, 208.083842744012, 304.96439420467004, 251.4107971677845, 314.3934330985006, 186.5577095303391, 292.75946062518517, 365.072142824133, 300.94633189325594, 315.215044095906, 351.41250236812425, 340.0140569871627, 371.46002514496325, 287.0287012157329]}]}, "53": {"img_name": "0053", "gt": [{"cam_R_m2c": [0.17902, 0.96554703, 0.18886501, 0.86983699, -0.0656331, -0.48895401, -0.459712, 0.25181401, -0.85161901], "cam_t_m2c": [23.63366328, -3.80691972, 855.72785537], "obj_bb": [295, 164, 105, 126], "obj_id": 14, "kps": [342.98967522657756, 244.87360872914016, 283.4143351650262, 220.83041327997046, 302.7965727924755, 140.99184185190947, 349.2097848537043, 217.05693206549836, 382.3448618068762, 139.25403692587057, 302.52151562001325, 333.1193073403711, 329.4065343791302, 271.65233856998356, 374.41575123171566, 325.32009321735364, 418.0119265222968, 264.40842011705786]}]}, "54": {"img_name": "0054", "gt": [{"cam_R_m2c": [0.140891, 0.98954701, -0.0307615, 0.98166502, -0.143663, -0.125275, -0.12838501, -0.0125473, -0.99164498], "cam_t_m2c": [3.8312535, -15.80358013, 998.2699682], "obj_bb": [296, 181, 73, 109], "obj_id": 14, "kps": [329.4649846042215, 237.13968935338332, 291.73610391723264, 193.96214944117222, 279.77909076419127, 165.85511294233964, 351.44442605709713, 185.20600500371648, 353.4124445072201, 155.00812695180306, 305.9431092307178, 297.59378785990697, 297.04254492098767, 293.5330589576324, 367.09914503234154, 288.7686122869956, 372.89014471873094, 282.5788180828231]}]}, "55": {"img_name": "0055", "gt": [{"cam_R_m2c": [0.1152, 0.991992, -0.0517674, 0.98690599, -0.120221, -0.107534, -0.112897, -0.0387016, -0.99285299], "cam_t_m2c": [-2.17700957, -44.18134346, 950.32730119], "obj_bb": [289, 160, 77, 115], "obj_id": 14, "kps": [326.00930381017, 219.83385599637847, 289.53891374458277, 174.55909681603154, 273.3743542451835, 142.60551555710933, 352.149954665599, 166.64854011209678, 351.41714146457036, 132.56377133202287, 301.55163428966466, 282.9182444425535, 287.9861037580887, 277.5348278795663, 365.59277278079605, 275.3073776995279, 368.2634846358014, 267.9560170623978]}]}, "56": {"img_name": "0056", "gt": [{"cam_R_m2c": [-0.112594, 0.99362302, 0.00596265, 0.97788399, 0.111871, -0.176717, -0.176257, -0.0140664, -0.98424399], "cam_t_m2c": [-20.67103017, -38.87530675, 919.66475077], "obj_bb": [267, 158, 82, 117], "obj_id": 14, "kps": [313.3965025149719, 222.85902484198166, 287.7482768920184, 172.80003341984323, 279.18067985896585, 129.4573031751247, 351.98571824093574, 179.94371755259104, 359.5988821815074, 138.31600451489382, 273.4193422671318, 283.4357796557698, 260.6993872858001, 267.2392529835354, 339.9199742471613, 291.0159645496596, 344.69628261286914, 276.78309513742073]}]}, "57": {"img_name": "0057", "gt": [{"cam_R_m2c": [0.234576, 0.97209698, 0.00086872, 0.918329, -0.22130799, -0.32816899, -0.31882, 0.0777784, -0.94461799], "cam_t_m2c": [109.09727089, 1.62260871, 929.90828451], "obj_bb": [351, 179, 97, 117], "obj_id": 14, "kps": [394.78426011588306, 247.59024662569533, 340.3747600009111, 218.3901475115266, 344.0484463739484, 166.0280524881253, 401.6225494709207, 204.59161391379124, 419.4917304074736, 149.57629209413497, 368.812791505307, 324.53932004580446, 380.0126279092658, 294.86830976325456, 433.7567603913944, 308.88005567368907, 461.14169199348174, 275.6147090989437]}]}, "58": {"img_name": "0058", "gt": [{"cam_R_m2c": [0.33598301, 0.94186598, -0.00195845, 0.88289398, -0.31567001, -0.347635, -0.328044, 0.11507, -0.93762797], "cam_t_m2c": [52.6630966, 65.52296496, 984.09913615], "obj_bb": [316, 222, 94, 113], "obj_id": 14, "kps": [358.57763411614326, 284.2335376921198, 306.3404746242567, 258.3041722688167, 301.9267794993185, 215.21173104680253, 363.0440542420829, 239.14192348585686, 370.9539845636977, 192.53846233706645, 342.5582061586292, 357.8876771795554, 346.3699435192425, 334.9676926011767, 402.37113679886556, 336.2418267786496, 420.0585754907237, 308.6406465837307]}]}, "59": {"img_name": "0059", "gt": [{"cam_R_m2c": [0.26708201, 0.96348602, -0.0190245, 0.90496701, -0.257548, -0.338678, -0.331211, 0.0732384, -0.94071001], "cam_t_m2c": [28.50879289, -6.33413143, 750.68605943], "obj_bb": [302, 156, 112, 148], "obj_id": 14, "kps": [350.2500077362409, 242.73447893543738, 290.58904762651406, 211.42271863264983, 276.9494591340685, 141.48944366824327, 363.98558641050386, 192.1507157068208, 371.891890294869, 117.48101840555152, 325.92142577774564, 338.5916130585675, 322.34845227355356, 302.6007706791901, 404.9578644162875, 316.4064924500855, 426.9454493200859, 273.75458031882573]}]}, "60": {"img_name": "0060", "gt": [{"cam_R_m2c": [0.209436, 0.97747201, -0.0261717, 0.95132297, -0.209876, -0.225693, -0.226101, 0.0223704, -0.97384697], "cam_t_m2c": [36.75689494, -30.85547391, 664.64598177], "obj_bb": [310, 126, 120, 170], "obj_id": 14, "kps": [360.2207277482766, 221.74082310638406, 296.8042783244816, 175.92830364711358, 281.1848517407053, 105.01118340786816, 380.0127847813463, 158.26624225578655, 393.97587338695234, 81.4040261484313, 327.77556724576664, 320.80770719961566, 322.79817639502704, 299.8564570443083, 415.9927329569336, 301.5482534802621, 444.9935006652314, 273.28659441943336]}]}, "61": {"img_name": "0061", "gt": [{"cam_R_m2c": [0.0455075, 0.99812198, 0.041008, 0.98886698, -0.0391877, -0.14355201, -0.141675, 0.0470841, -0.98879302], "cam_t_m2c": [37.28727098, -125.08434944, 772.7184426], "obj_bb": [312, 71, 93, 139], "obj_id": 14, "kps": [354.6784826207315, 155.17843142361028, 305.65711508717345, 108.00577845648695, 306.9406216336253, 40.55981598138537, 380.9270138809796, 105.87949945205752, 405.37185451435505, 38.32524600142515, 311.1483769961047, 237.3598485970577, 314.26841869374266, 208.8521164444159, 388.8833244779553, 234.33524056605015, 416.95790735036064, 205.09655336717145]}]}, "62": {"img_name": "0062", "gt": [{"cam_R_m2c": [-0.699359, 0.70997202, -0.0826833, 0.63521898, 0.56431502, -0.5273, -0.32770899, -0.421294, -0.84564698], "cam_t_m2c": [-39.5930883, -74.30695881, 1016.03937897], "obj_bb": [238, 137, 125, 116], "obj_id": 14, "kps": [301.24932922755465, 204.61063480746483, 324.50047260166457, 184.96746079705738, 314.110822372456, 109.01076564796068, 367.39931334292555, 216.62072953710327, 364.7320171457452, 142.73645055689028, 250.36668859339403, 248.9346448913025, 224.6604822657196, 180.03184767357448, 292.4814463054072, 285.62632806024743, 274.05161251501414, 220.40445717681513]}]}, "63": {"img_name": "0063", "gt": [{"cam_R_m2c": [-0.64413798, 0.75629002, -0.114506, 0.677674, 0.49481899, -0.54397899, -0.35474601, -0.427995, -0.831249], "cam_t_m2c": [-64.20709588, -52.79463003, 966.34245473], "obj_bb": [218, 143, 134, 122], "obj_id": 14, "kps": [285.7973571457955, 215.5688545399889, 309.30850898696144, 194.36281058683292, 291.42280763642873, 114.5520611810129, 356.3852433164901, 223.4657110644113, 346.87042194680566, 144.9304392856864, 236.46770548970483, 266.69895107668515, 202.