{"class": 15, "diam": 212.35825148, "obj_name": "phone", "img_path": "../../dataset/Linemod_preprocessed/data/15/rgb", "depth_path": "../../dataset/Linemod_preprocessed/data/15/depth", "mask_path": "../../dataset/Linemod_preprocessed/data/15/mask", "trainlist": "../../dataset/Linemod_preprocessed/data/15/train.txt", "testlist": "../../dataset/Linemod_preprocessed/data/15/test.txt", "gt_num": 1243, "0": {"img_name": "0000", "gt": [{"cam_R_m2c": [-0.0508175, 0.99733198, -0.052414, 0.93482399, 0.0290324, -0.35392201, -0.35145599, -0.0669833, -0.93380499], "cam_t_m2c": [50.10567277, -77.0167357, 958.81105256], "obj_bb": [313, 158, 85, 81], "obj_id": 15, "kps": [350.10112841451587, 200.93152875091556, 316.5736784171852, 193.45211062739847, 308.6971174175443, 142.12355479898605, 396.1484557216014, 195.3213983551939, 403.71134423856597, 143.78425828123568, 313.6528443530737, 240.62524069499224, 304.8890599595756, 196.7810817664696, 395.7654233594323, 243.0099141470323, 403.5439789146822, 199.14039177919653]}]}, "1": {"img_name": "0001", "gt": [{"cam_R_m2c": [0.0184588, 0.999825, 0.00296647, 0.86425799, -0.014464, -0.502841, -0.502711, 0.0118456, -0.86437398], "cam_t_m2c": [42.6739438, -114.22859879, 1021.90392835], "obj_bb": [308, 136, 81, 88], "obj_id": 15, "kps": [343.44511580975234, 186.02788154656756, 308.88480306238665, 187.3190604124337, 306.4993813979054, 123.03190528647451, 383.83080043862265, 186.31789392290577, 393.83221603500004, 121.98148710508792, 309.0882399138222, 228.13745608084642, 306.6154824102232, 167.64626222106216, 387.3132622568933, 227.0264158556928, 398.43323857064007, 166.457144162333]}]}, "2": {"img_name": "0002", "gt": [{"cam_R_m2c": [0.045712, 0.99827302, 0.0368972, 0.867755, -0.0213832, -0.49653101, -0.494885, 0.0547152, -0.86723399], "cam_t_m2c": [-2.10541885, -131.08660179, 989.41022275], "obj_bb": [282, 122, 83, 92], "obj_id": 15, "kps": [318.2000263650996, 174.64719309224802, 282.54302009531517, 176.5154238972739, 279.3741432802446, 108.54070780143604, 359.66918877268444, 175.3487607116955, 369.72154844028705, 107.75994049077502, 282.99587671009385, 218.4429789483766, 279.7422760378548, 154.50240630684846, 363.5315665872123, 216.90266735186773, 374.80407435278494, 153.2643224576953]}]}, "3": {"img_name": "0003", "gt": [{"cam_R_m2c": [0.0390713, 0.99871403, 0.0323108, 0.87553698, -0.0186329, -0.48279101, -0.48156899, 0.0471526, -0.875139], "cam_t_m2c": [7.76127388, -142.23201757, 969.78111931], "obj_bb": [287, 113, 84, 93], "obj_id": 15, "kps": [323.8139115447002, 166.65751688135254, 287.4413081572145, 168.3925566699466, 284.47045028541976, 98.94046934088607, 365.96465725136113, 167.4047221251993, 376.8908997711032, 98.30574730202436, 287.821921025434, 211.17569631621242, 284.7666584294702, 146.09977574814948, 369.7857649191686, 209.85620279298655, 381.9904206849442, 145.05513052761683]}]}, "4": {"img_name": "0004", "gt": [{"cam_R_m2c": [0.02264, 0.99942899, 0.0250982, 0.879049, -0.00794275, -0.47666499, -0.47619301, 0.0328543, -0.87872702], "cam_t_m2c": [18.39476689, -142.0850247, 959.56929017], "obj_bb": [293, 112, 85, 94], "obj_id": 15, "kps": [330.1288046520432, 165.80130808993124, 293.6036259695072, 167.02025965697894, 290.8372032552348, 97.2352899763866, 372.9051764970759, 166.73097431674003, 384.4076627683888, 97.2682682974534, 293.40804679054173, 210.32686889485245, 290.4594880833839, 145.12183715648655, 376.18487029102386, 209.81941446023927, 388.90682294359783, 144.88633540564211]}]}, "5": {"img_name": "0005", "gt": [{"cam_R_m2c": [-0.26579401, 0.95415002, 0.137661, 0.866678, 0.29903701, -0.399306, -0.42216399, 0.0131744, -0.90642399], "cam_t_m2c": [36.82225408, -182.93992634, 860.14104285], "obj_bb": [296, 60, 98, 120], "obj_id": 15, "kps": [341.46331337044643, 127.73134670067638, 305.194592847972, 117.65220158027459, 319.2748546027252, 38.25203275152455, 388.7075415699012, 144.11649928975606, 420.2960386522682, 70.46881467241367, 288.8528649498555, 162.8864143176441, 300.0502973126547, 89.34474350672106, 375.97972644856367, 190.39006329095105, 406.40798763719107, 123.1166778201608]}]}, "6": {"img_name": "0006", "gt": [{"cam_R_m2c": [-0.33956599, 0.91663897, 0.21087401, 0.80907202, 0.39899001, -0.431521, -0.47968501, 0.0240824, -0.87711], "cam_t_m2c": [7.4320915, -140.19356464, 771.4518977], "obj_bb": [268, 67, 111, 140], "obj_id": 15, "kps": [321.148917209086, 145.87004185968823, 283.5224959106498, 131.8716661162544, 305.36894675792524, 42.47105305438825, 371.9211523957399, 170.79974915296117, 413.7008229416893, 90.66902523105325, 259.20950001694814, 178.5044384368392, 276.6190286165486, 94.40152919941487, 352.50014447981465, 219.3420275113119, 392.39110091282964, 145.56657648476116]}]}, "7": {"img_name": "0007", "gt": [{"cam_R_m2c": [-0.32800499, 0.92136002, 0.20858701, 0.80314797, 0.38823101, -0.45191801, -0.49735901, 0.019295, -0.86733001], "cam_t_m2c": [6.92261584, -131.73142124, 759.44892295], "obj_bb": [267, 70, 112, 143], "obj_id": 15, "kps": [320.69287351777314, 151.09937120489747, 282.1644053513046, 137.97395986192632, 303.7721285694579, 45.905225362328444, 372.26557841761075, 176.29916757856623, 414.29071493654106, 93.3242405091826, 258.0519588993689, 185.10642682685688, 275.298861079166, 98.00557405522132, 353.3844565417486, 225.45714919906226, 393.79349722111795, 148.5684701644508]}]}, "8": {"img_name": "0008", "gt": [{"cam_R_m2c": [-0.0191187, 0.98976398, -0.14142901, 0.87767398, -0.0511378, -0.47652301, -0.47887701, -0.133239, -0.86771202], "cam_t_m2c": [4.21865947, -136.90898435, 655.56242866], "obj_bb": [261, 53, 134, 142], "obj_id": 15, "kps": [325.1321470503604, 136.83772342308248, 284.4324288337805, 144.71268022745923, 249.0517606154755, 35.94711774981013, 394.9731560939825, 136.37943388577827, 388.54375748662306, 21.70907430215375, 280.47130097706105, 204.04654730041707, 241.1345606010831, 103.49061439334044, 397.9692857876453, 196.8374837536276, 391.8918276990455, 90.51653376297708]}]}, "9": {"img_name": "0009", "gt": [{"cam_R_m2c": [-0.61002201, 0.78669, -0.0948291, 0.744555, 0.52812999, -0.40831, -0.27113101, -0.31968299, -0.90790498], "cam_t_m2c": [175.81531638, -111.68098691, 995.63360583], "obj_bb": [383, 126, 83, 106], "obj_id": 15, "kps": [422.6072608364399, 182.1298377733551, 404.89450293834557, 166.0425546430055, 408.4056912917981, 106.95839653726118, 470.53151347617955, 204.48126776773805, 486.44649415029784, 149.46255292128407, 376.6766731095042, 201.0526792701761, 375.1546406711792, 146.70277895872596, 442.64097081927486, 242.0114245955724, 453.6752465486005, 192.58290925465113]}]}, "10": {"img_name": "0010", "gt": [{"cam_R_m2c": [-0.61998999, 0.77741998, -0.105976, 0.74517602, 0.54115301, -0.38970101, -0.245612, -0.32058099, -0.91482401], "cam_t_m2c": [171.49371087, -135.69386314, 952.36308905], "obj_bb": [384, 105, 86, 112], "obj_id": 15, "kps": [424.64759769330385, 165.11671179616678, 407.0024594597488, 148.64320570879616, 409.8906411297406, 85.43159254273999, 474.7951247892883, 188.99077837004398, 491.231793114112, 130.2565274372913, 377.02538417196115, 184.85691225278134, 374.23164070053684, 126.94374602777641, 444.96475422475555, 227.84232408516854, 455.80208600395935, 175.36669986030452]}]}, "11": {"img_name": "0011", "gt": [{"cam_R_m2c": [-0.56609601, 0.81238699, -0.13986699, 0.79119802, 0.48783401, -0.36881399, -0.231388, -0.319446, -0.91891998], "cam_t_m2c": [121.04931591, -167.91224981, 848.02143742], "obj_bb": [360, 67, 95, 125], "obj_id": 15, "kps": [403.95327327162113, 134.76782041986817, 384.8303289394897, 119.33304356770425, 378.9646360240115, 44.20955393531403, 462.38214724435437, 157.88171697339126, 473.6921313291031, 86.7641225575507, 354.01493620511377, 161.58606551253638, 341.2417911441962, 93.60426564135933, 431.82719795950663, 203.2819173817992, 436.35618154083073, 140.6202249647329]}]}, "12": {"img_name": "0012", "gt": [{"cam_R_m2c": [-0.38774499, 0.90559697, -0.171894, 0.89379698, 0.32379401, -0.310298, -0.225347, -0.27395499, -0.93496901], "cam_t_m2c": [29.6685234, -178.40305403, 753.7366921], "obj_bb": [295, 42, 111, 130], "obj_id": 15, "kps": [346.3513551839237, 113.60964740564077, 323.287649969196, 100.06547382795326, 296.76182602565706, 17.83901177996889, 415.21640280003675, 126.13008191829582, 411.2030771443287, 45.69924350259894, 298.7066722052948, 153.1922328233475, 265.0797181328128, 81.95052839545623, 391.8126593700214, 182.58977605915035, 381.31553683003915, 114.80470422370449]}]}, "13": {"img_name": "0013", "gt": [{"cam_R_m2c": [-0.233256, 0.96008199, -0.154383, 0.93994498, 0.181923, -0.288802, -0.24918801, -0.212476, -0.94485903], "cam_t_m2c": [-40.85219628, -139.66590561, 652.56098581], "obj_bb": [219, 52, 139, 137], "obj_id": 15, "kps": [289.04210463927143, 127.33347262779291, 260.78931366881784, 114.55319413267942, 214.25146416928806, 25.36195388908601, 368.14942071316034, 130.03139364288643, 352.40145304688406, 40.67601955229438, 241.90171455506885, 178.61555260492648, 187.65860150930735, 105.40235192036543, 351.9579147370445, 197.41886062463487, 330.2704583593887, 126.04391884029756]}]}, "14": {"img_name": "0014", "gt": [{"cam_R_m2c": [0.0552022, 0.99611098, -0.0686669, 0.99120498, -0.0629546, -0.116404, -0.120274, -0.0616372, -0.990825], "cam_t_m2c": [53.12779006, -204.54223566, 994.22398434], "obj_bb": [316, 95, 82, 67], "obj_id": 15, "kps": [350.8937757873259, 127.22329993376458, 316.61626179221776, 118.69609109909271, 306.92824646519074, 80.44955106299459, 393.8904495156875, 112.76649095768863, 399.75582048492254, 72.93443991853452, 319.2622934694936, 166.63937425321, 309.9901278418735, 137.64767110349686, 397.37039900823714, 161.05257155481468, 404.0237394331247, 130.61982960166847]}]}, "15": {"img_name": "0015", "gt": [{"cam_R_m2c": [0.0581377, 0.99563003, -0.0730857, 0.98617297, -0.0686572, -0.15082701, -0.155186, -0.0633064, -0.98585498], "cam_t_m2c": [50.0861134, -181.81684624, 928.12107209], "obj_bb": [313, 97, 88, 74], "obj_id": 15, "kps": [350.920894190056, 133.5947386966588, 314.55424167143735, 125.71925357300505, 303.15386968638785, 81.9386366643729, 396.6868586917407, 118.97469461676761, 402.97518225315486, 73.24446554400211, 317.4752680624235, 176.30942175860602, 306.51335028260104, 142.8065635585959, 400.82341953838187, 169.93605932974236, 408.13593412357113, 134.64735051797558]}]}, "16": {"img_name": "0016", "gt": [{"cam_R_m2c": [0.0570668, 0.98781002, -0.14482599, 0.98053998, -0.0827484, -0.178031, -0.18784501, -0.13184801, -0.97330898], "cam_t_m2c": [67.15802717, -185.93940049, 849.98293449], "obj_bb": [322, 79, 99, 85], "obj_id": 15, "kps": [365.77286910653663, 122.0342412306773, 328.2701278879447, 116.71064609329085, 309.294777484436, 63.53540851024832, 417.1124614391067, 106.663799315594, 418.69418082538397, 49.747336822747805, 331.58753809216574, 170.50497065164438, 312.95616887440974, 128.8084254833227, 422.20101813956023, 161.400707619256, 425.05430401676847, 116.40340407428074]}]}, "17": {"img_name": "0017", "gt": [{"cam_R_m2c": [0.0184153, 0.985421, -0.16913299, 0.97056699, -0.0582461, -0.233683, -0.240128, -0.159852, -0.95748901], "cam_t_m2c": [56.70195006, -178.83440948, 727.96424831], "obj_bb": [311, 51, 118, 108], "obj_id": 15, "kps": [365.1553463065392, 109.35948644124082, 324.4555661306959, 106.40191136968643, 297.2458170175685, 32.81432386146426, 426.3588109410992, 96.44686626537238, 426.3548487834594, 17.389471204500303, 325.6452023046697, 166.65756307552942, 297.8054697724979, 107.13077817280784, 430.4805611580202, 158.20950097026835, 431.65919781762955, 93.98278616147665]}]}, "18": {"img_name": "0018", "gt": [{"cam_R_m2c": [0.0229288, 0.984954, -0.171287, 0.96942699, -0.0637736, -0.236949, -0.24430799, -0.16061699, -0.956303], "cam_t_m2c": [39.76357958, -182.11678174, 692.41425103], "obj_bb": [294, 37, 127, 116], "obj_id": 15, "kps": [353.7859368843441, 100.38853965085356, 312.37697774699996, 98.63132329136863, 279.8769882542454, 18.2240359832823, 418.5012755154915, 87.36880226079064, 415.78357762751347, 0.5116070208116434, 313.5765668074903, 161.2735010386111, 280.19349640409956, 96.12374656772106, 422.9531698397565, 151.62823019814687, 421.4824126931597, 80.88784428239853]}]}, "19": {"img_name": "0019", "gt": [{"cam_R_m2c": [0.0182058, 0.98460197, -0.173861, 0.96685499, -0.06163, -0.247777, -0.254677, -0.163587, -0.953089], "cam_t_m2c": [15.04302034, -179.00930054, 646.86437575], "obj_bb": [267, 23, 139, 127], "obj_id": 15, "kps": [334.9812486809812, 93.80203246439774, 293.33154624297094, 93.17714060299771, 252.1398973690796, 3.154000371134138, 405.3653363864575, 81.19823041319289, 397.70278545278154, -16.486022581389072, 293.6240941729635, 159.19352222924203, 250.76183826331496, 86.11539229563758, 409.4373457943402, 149.05129756658468, 402.7727715805853, 69.33830333242481]}]}, "20": {"img_name": "0020", "gt": [{"cam_R_m2c": [0.50322503, 0.85993898, -0.0852612, 0.70355397, -0.46499199, -0.53739601, -0.501773, 0.210445, -0.83900899], "cam_t_m2c": [66.56802947, -131.6338274, 1008.84768786], "obj_bb": [323, 131, 83, 92], "obj_id": 15, "kps": [357.732482506462, 178.89230902381877, 318.68185303611705, 199.72658462593193, 307.9980427301747, 132.12381631711006, 383.34765010680644, 165.95431235175863, 383.334448284874, 95.11853979500586, 344.21788434412827, 234.0108613068684, 337.40591556789246, 168.7934788886852, 410.9750421268696, 197.7761377614184, 415.5993076084656, 128.66717647993224]}]}, "21": {"img_name": "0021", "gt": [{"cam_R_m2c": [0.464533, 0.88323897, -0.0640132, 0.74068701, -0.42714399, -0.51858503, -0.48537701, 0.19348601, -0.85262603], "cam_t_m2c": [75.86715255, -149.76587815, 960.05073402], "obj_bb": [328, 114, 86, 96], "obj_id": 15, "kps": [364.31391293388253, 164.6167620243423, 322.45013394328157, 184.46054459480624, 314.3448136872692, 112.50943018552276, 391.80720382579415, 152.4138519823774, 395.8502079090372, 77.20088571767087, 347.2516643409172, 221.6698388492111, 343.33624796241463, 152.7762678748235, 418.9907960366438, 187.17496634884023, 428.1512097333204, 114.30737528795846]}]}, "22": {"img_name": "0022", "gt": [{"cam_R_m2c": [0.35405299, 0.93087399, -0.0901109, 0.807145, -0.35281301, -0.47332901, -0.47240201, 0.0948511, -0.87626499], "cam_t_m2c": [118.92032818, -172.10999688, 850.40896102], "obj_bb": [357, 80, 97, 109], "obj_id": 15, "kps": [397.7607837537636, 138.9335498900877, 350.65843187574393, 157.04368588790652, 343.7536920782019, 75.58393768727207, 432.0757712710668, 127.22015856034601, 441.79555387925507, 41.14142427897624, 373.00506303038605, 201.05762183453527, 370.5733046322883, 124.34085804280889, 458.02411601209207, 169.11800016708656, 473.88484714271425, 86.96845080051433]}]}, "23": {"img_name": "0023", "gt": [{"cam_R_m2c": [0.229213, 0.97280699, 0.0332795, 0.87471801, -0.190862, -0.44546601, -0.427001, 0.131217, -0.89468002], "cam_t_m2c": [62.00387455, -173.61787902, 760.18188423], "obj_bb": [317, 54, 105, 122], "obj_id": 15, "kps": [362.15484939996526, 124.0863971055748, 309.46418280209144, 134.84149605793027, 310.78453106182343, 40.46306599358435, 403.90364579986016, 118.721027349824, 427.2587566693929, 23.156718899816266, 323.83990912335275, 187.50462891249845, 328.90997045366703, 100.72069459321325, 422.4948994211412, 169.383687388091, 451.8599146275238, 80.62675034193354]}]}, "24": {"img_name": "0024", "gt": [{"cam_R_m2c": [0.122387, 0.98624301, 0.111111, 0.90129298, -0.0635675, -0.42852101, -0.41556299, 0.15258899, -0.89667398], "cam_t_m2c": [15.92287922, -151.31047228, 655.86563007], "obj_bb": [274, 39, 122, 142], "obj_id": 15, "kps": [327.59662513673675, 123.23181215942527, 269.48015839922425, 127.35628686671782, 273.7973370642548, 16.55635541826902, 379.2801817794233, 123.7234972236426, 413.56120668715664, 16.055124081808795, 275.6988796516136, 189.6152406245429, 282.2265226427978, 89.8601140806182, 391.17429888322215, 183.87080664973448, 431.3131161598307, 86.40430879432137]}]}, "25": {"img_name": "0025", "gt": [{"cam_R_m2c": [-0.37290999, 0.924348, -0.0807414, 0.82995301, 0.293385, -0.47445101, -0.41486999, -0.243939, -0.876571], "cam_t_m2c": [118.78270066, -189.48205989, 997.45147085], "obj_bb": [351, 82, 84, 104], "obj_id": 15, "kps": [389.1697097903643, 140.9485373913442, 364.0477760307224, 136.03240774610316, 361.6815482934936, 65.33192026048482, 437.57434674190546, 155.47525770609866, 448.08652194257263, 85.43484140961465, 346.8355259711877, 173.71160462917115, 341.3221015178445, 106.66930520259291, 422.5195683828436, 195.18401556027192, 430.7241154132972, 129.35463377834304]}]}, "26": {"img_name": "0026", "gt": [{"cam_R_m2c": [-0.35351899, 0.93261701, -0.0724528, 0.84204102, 0.28353599, -0.45888299, -0.407419, -0.223232, -0.88553798], "cam_t_m2c": [102.20837302, -192.08906541, 948.58542179], "obj_bb": [343, 72, 88, 109], "obj_id": 15, "kps": [382.41981526522534, 134.11869949510412, 355.73636261406864, 128.97687909293518, 352.77060981314384, 54.59020068848847, 432.8943017017501, 148.583994662714, 444.3345936995891, 75.07088879419629, 338.37834863479003, 168.90353496463518, 331.99489322434925, 98.78217692486075, 417.9298274533688, 190.58575255708726, 426.95138010727754, 121.95550342280316]}]}, "27": {"img_name": "0027", "gt": [{"cam_R_m2c": [-0.359368, 0.93095899, -0.0645722, 0.84136802, 0.29329699, -0.45395601, -0.403676, -0.217466, -0.88868099], "cam_t_m2c": [89.56570073, -181.21869682, 847.15417569], "obj_bb": [336, 58, 98, 124], "obj_id": 15, "kps": [380.64894606619316, 128.60658082066044, 351.25018820637297, 122.83223706167432, 348.0482896847546, 38.24142115652297, 436.4269668515723, 145.33875016907498, 451.3005836574731, 62.02793156120604, 331.45762658316943, 166.88134507498557, 323.8326915610743, 87.57172594999479, 419.53589385964966, 191.92132137250886, 431.383380356636, 114.7598280869218]}]}, "28": {"img_name": "0028", "gt": [{"cam_R_m2c": [-0.30188, 0.94945598, -0.0860352, 0.87949401, 0.242532, -0.409473, -0.36791, -0.199279, -0.90825701], "cam_t_m2c": [66.82873388, -207.62270265, 738.44049632], "obj_bb": [323, 10, 110, 141], "obj_id": 15, "kps": [371.71348891693003, 92.14976305079027, 337.965801213778, 88.31671632117154, 327.8180320330241, -12.462917708292599, 435.5506478406143, 107.70345515452811, 449.867533926315, 7.368353344979371, 318.7038850978106, 139.63116425034943, 303.06071548583947, 46.71739358593511, 419.8389133411667, 161.77295255771264, 430.71572564372354, 70.44213887885125]}]}, "29": {"img_name": "0029", "gt": [{"cam_R_m2c": [-0.28146699, 0.95788598, -0.0568343, 0.888542, 0.237811, -0.39235201, -0.362313, -0.160934, -0.91805798], "cam_t_m2c": [26.01756623, -190.65741561, 644.19895535], "obj_bb": [287, -11, 126, 163], "obj_id": 15, "kps": [342.7268101933826, 85.17371473421561, 305.5277804568147, 80.34163471983874, 289.6214316109353, -36.95586723053364, 415.0010811486307, 102.50766961797919, 431.3157788869373, -13.060240927820193, 283.6958809670323, 138.86458543653782, 260.1320047847473, 32.274708944898016, 397.7499620376733, 164.0912651652714, 409.5958322141812, 60.799311649226915]}]}, "30": {"img_name": "0030", "gt": [{"cam_R_m2c": [-0.176829, 0.98230398, -0.0617332, 0.97291303, 0.164961, -0.16195001, -0.1489, -0.0886984, -0.98486602], "cam_t_m2c": [49.88418142, -197.57890407, 997.4642407], "obj_bb": [313, 92, 83, 78], "obj_id": 15, "kps": [349.6439681495244, 131.19444109651602, 320.8345233100382, 116.88735010849501, 312.8631666549749, 73.481217635268, 396.91289833849817, 128.19508181607904, 404.08950608458616, 86.43164666895883, 312.0401177103426, 163.449695413943, 302.1796180371086, 128.72432916446076, 389.0012700083791, 175.47100611639317, 394.67817458631725, 142.6865911339466]}]}, "31": {"img_name": "0031", "gt": [{"cam_R_m2c": [-0.13955399, 0.98684603, -0.0816097, 0.97882402, 0.12501501, -0.162093, -0.149758, -0.102502, -0.98339498], "cam_t_m2c": [60.96492545, -194.69828919, 932.47736419], "obj_bb": [320, 84, 87, 83], "obj_id": 15, "kps": [358.0844518376681, 125.6525143148971, 326.5349769758289, 112.23482589614639, 316.7257548492156, 64.62954633602004, 407.98025672934034, 120.65286735748546, 415.5868830731401, 74.01055563261824, 319.2247818798075, 161.95162479438932, 307.67470478767603, 124.27670602755818, 401.69615874298063, 171.2318711478117, 408.05170341652916, 134.9071512426517]}]}, "32": {"img_name": "0032", "gt": [{"cam_R_m2c": [-0.150617, 0.98010099, -0.12929299, 0.97826898, 0.128913, -0.162393, -0.14249399, -0.150943, -0.97821897], "cam_t_m2c": [80.88447684, -203.4574269, 832.77881105], "obj_bb": [334, 57, 97, 95], "obj_id": 15, "kps": [376.1021461521996, 106.46761095234918, 342.08183553762615, 93.37849815416908, 328.09534132126186, 35.4013077638746, 432.5217125771388, 101.64318400325048, 440.2611671074025, 43.94160434362441, 333.5951681503907, 148.04613980902855, 317.30444796987365, 102.25853827780811, 425.1633429836258, 157.77680129033598, 431.2104754230167, 113.00990172364969]}]}, "33": {"img_name": "0033", "gt": [{"cam_R_m2c": [-0.27573499, 0.955194, -0.107589, 0.95126098, 0.25507799, -0.17331401, -0.13810501, -0.150134, -0.97897202], "cam_t_m2c": [107.9080741, -208.36255601, 737.30612386], "obj_bb": [353, 20, 112, 122], "obj_id": 15, "kps": [402.6309328721007, 85.5306012570014, 366.1497454454635, 68.45808481128036, 360.1558996648797, -6.435597517216998, 465.17884007167174, 89.99457658916614, 486.86393218631264, 18.58433778369783, 348.9771254087411, 127.31957695760025, 338.096345544519, 67.27634002877748, 449.1224480352184, 150.80898836035576, 466.6399895836815, 95.40457028835651]}]}, "34": {"img_name": "0034", "gt": [{"cam_R_m2c": [-0.33734199, 0.94099402, -0.0270411, 0.917229, 0.32208601, -0.234418, -0.211876, -0.103882, -0.97175997], "cam_t_m2c": [39.77906718, -172.88078734, 643.86959786], "obj_bb": [297, 11, 126, 152], "obj_id": 15, "kps": [353.9456170838331, 95.2189443766184, 316.6900827224726, 75.57467741647517, 308.9967086064273, -20.15083314651644, 424.42045779007407, 109.12019951582462, 451.27624028158573, 21.583693790223567, 291.659435314569, 138.60558166058917, 275.5450076248278, 59.934956666030885, 401.8483261105344, 174.43157945437503, 422.1468054298985, 105.50369364836168]}]}, "35": {"img_name": "0035", "gt": [{"cam_R_m2c": [-0.00499272, 0.99742001, -0.0716101, 0.95113802, -0.0173718, -0.30827701, -0.30872601, -0.0696502, -0.94859701], "cam_t_m2c": [-50.51157655, -164.24356338, 801.69877542], "obj_bb": [234, 76, 109, 102], "obj_id": 15, "kps": [285.9747620435605, 132.45240505602297, 251.46196488055386, 129.00101884058682, 223.51308808818223, 57.47566706054656, 344.2829023820971, 126.0746592692851, 338.4229680156146, 52.82514223112717, 248.7252410605743, 183.50194333128817, 218.94583937790128, 122.58727539644457, 344.6084529250122, 181.12153260675345, 338.5860058706831, 118.70538845494309]}]}, "36": {"img_name": "0036", "gt": [{"cam_R_m2c": [0.236536, 0.97130299, 0.0249197, 0.812837, -0.183764, -0.55274498, -0.53230399, 0.15099999, -0.83297801], "cam_t_m2c": [90.70073923, -7.60991911, 1021.19214206], "obj_bb": [334, 202, 80, 83], "obj_id": 15, "kps": [368.81961073682555, 246.0227681402796, 328.1900931860996, 251.75920624768358, 331.4110526666212, 192.186150124134, 400.400313427174, 237.86837262253772, 414.8830520570684, 177.46764712815101, 340.30161586592374, 293.44608424417567, 345.75232004509644, 237.65775275718565, 415.59258653345245, 278.0588589621033, 433.3664285450795, 221.06031039158015]}]}, "37": {"img_name": "0037", "gt": [{"cam_R_m2c": [0.137731, 0.98994499, 0.0322441, 0.84394002, -0.100253, -0.52698702, -0.51845598, 0.0997946, -0.84926099], "cam_t_m2c": [116.75272639, 5.26986658, 958.03961007], "obj_bb": [350, 207, 85, 85], "obj_id": 15, "kps": [386.75126281290824, 252.74621744378507, 343.9149821991145, 253.86868161532033, 350.9825436412477, 193.65316135716947, 421.86871373590105, 245.76934741838215, 442.24358579311246, 185.13154675748123, 352.1880767255062, 299.6868164737872, 361.1924219884679, 244.4917387386125, 433.74556903221355, 290.5394180098341, 457.4308554375662, 234.62195818370924]}]}, "38": {"img_name": "0038", "gt": [{"cam_R_m2c": [0.0782854, 0.99028403, 0.114929, 0.849801, -0.00601002, -0.52706897, -0.52125698, 0.13892899, -0.84201503], "cam_t_m2c": [75.97159477, 11.27458102, 874.30291991], "obj_bb": [324, 204, 93, 96], "obj_id": 15, "kps": [365.1654896179105, 257.0000230314113, 318.55466555299, 254.21644289920164, 332.2586881646236, 187.66347326860046, 403.3842034994696, 253.44886132874421, 432.6256918780743, 188.39218791900598, 322.78449210339033, 304.7670393207854, 338.232899599717, 244.25962110786048, 411.949739797852, 302.8553541876148, 444.7244427630037, 243.55206989977322]}]}, "39": {"img_name": "0039", "gt": [{"cam_R_m2c": [0.0270919, 0.989232, 0.14382499, 0.86468899, 0.0490014, -0.49991101, -0.50157601, 0.137908, -0.85405099], "cam_t_m2c": [63.3623031, 0.07260363, 844.30057518], "obj_bb": [314, 194, 97, 100], "obj_id": 15, "kps": [357.8390563925767, 249.2009104004124, 310.52056533913856, 243.29462955481156, 327.06391265199323, 175.5274063609507, 398.07670003498043, 247.59847321187786, 431.48663336948647, 182.40522455785117, 311.37733300751955, 295.72827566116894, 329.17051788777115, 234.90506735893686, 403.4477233238748, 299.0831772491136, 440.07738426188155, 240.60833470302754]}]}, "40": {"img_name": "0040", "gt": [{"cam_R_m2c": [-0.059565, 0.97654802, 0.20689701, 0.87076801, 0.152172, -0.46755299, -0.48807201, 0.15231, -0.859411], "cam_t_m2c": [38.46720553, -14.61502877, 774.95004559], "obj_bb": [293, 176, 107, 114], "obj_id": 15, "kps": [341.90160529318575, 237.90889387956682, 292.3218214804531, 226.46274511240213, 315.8632332108879, 152.91180831237259, 385.9116131183141, 241.33997630098654, 429.09230564245127, 173.28950439399674, 286.5766897967293, 282.7821897765924, 310.370488382902, 217.6534491919321, 385.4107435446971, 296.96787094687414, 431.36948123234765, 237.2711748683784]}]}, "41": {"img_name": "0041", "gt": [{"cam_R_m2c": [-0.145338, 0.97514403, 0.167244, 0.87180299, 0.206148, -0.44436699, -0.46779901, 0.0812205, -0.88009501], "cam_t_m2c": [24.70508682, -51.37943679, 671.2905654], "obj_bb": [277, 129, 125, 139], "obj_id": 15, "kps": [334.51168283971106, 206.21622294372636, 283.7001167899702, 192.44553169572342, 301.7350578841174, 101.43005690645212, 389.77061110416804, 215.54043761156402, 435.36549035036154, 132.3654289129535, 270.3977876258838, 254.2471542807301, 285.9942213903784, 173.99590316094637, 383.01107626657597, 277.7148762550745, 430.1810651789189, 205.785247623606]}]}, "42": {"img_name": "0042", "gt": [{"cam_R_m2c": [-0.219872, 0.97468901, 0.0404801, 0.87435102, 0.21529999, -0.43492001, -0.43262699, -0.0602329, -0.89955902], "cam_t_m2c": [-2.30853307, 19.64393107, 1019.92274844], "obj_bb": [282, 213, 82, 85], "obj_id": 15, "kps": [319.1353747947609, 256.6861168511432, 290.96349889544535, 243.51837824095009, 289.48767514210755, 195.84451414116322, 364.207189928629, 259.80191932438396, 375.49437195937054, 214.52420762609972, 278.8088528914315, 286.89796736907124, 275.07453899513536, 244.9488829649105, 354.7124380488104, 304.1523762737589, 364.77238154763177, 264.93883327839205]}]}, "43": {"img_name": "0043", "gt": [{"cam_R_m2c": [-0.50428998, 0.859357, -0.0848354, 0.70324302, 0.35168299, -0.61787403, -0.50113899, -0.37124801, -0.78168702], "cam_t_m2c": [42.80330209, 6.84120648, 1024.02278582], "obj_bb": [311, 196, 79, 103], "obj_id": 15, "kps": [347.1898490491185, 252.6643962802577, 330.7360171481401, 244.53298856392385, 322.57735903078657, 179.59464305960358, 397.3995733382137, 271.88157180050587, 398.92532040078925, 207.36008854316867, 306.3257704770428, 279.07611465604464, 294.0764994726884, 216.1595811198599, 374.7127148104075, 309.4647760178685, 372.6815194168073, 247.59703365455113]}]}, "44": {"img_name": "0044", "gt": [{"cam_R_m2c": [-0.49816501, 0.86045998, -0.106955, 0.70416301, 0.32949701, -0.62895697, -0.50595099, -0.38863799, -0.77004802], "cam_t_m2c": [45.93921866, 16.96092408, 979.11594616], "obj_bb": [313, 200, 83, 108], "obj_id": 15, "kps": [350.3208994340662, 259.1978202553357, 333.4539417961474, 251.25796004728127, 322.8904366688807, 183.2256003312608, 403.3686032349246, 278.4171305601662, 403.1485386885548, 210.34673424479024, 308.4411642368933, 287.6227648935779, 293.42974660428933, 221.71628211444977, 380.24892877861504, 318.16342595459054, 376.17232290575123, 252.92143608709972]}]}, "45": {"img_name": "0045", "gt": [{"cam_R_m2c": [-0.45295501, 0.87949097, -0.146042, 0.72833902, 0.27057299, -0.62953401, -0.51415402, -0.391518, -0.763125], "cam_t_m2c": [22.16164701, -10.85340149, 877.68898202], "obj_bb": [298, 178, 92, 118], "obj_id": 15, "kps": [338.6596557498924, 243.81768389409345, 320.7382815489379, 238.12531906004742, 302.04288638003385, 159.93186430254735, 399.13171815175735, 262.1369244876806, 392.8642805307742, 182.5374986372743, 294.9546802366097, 279.10046027105767, 270.6701672236973, 203.3716286070443, 375.91430324722967, 307.0494834885544, 364.90541243720793, 230.74933862922518]}]}, "46": {"img_name": "0046", "gt": [{"cam_R_m2c": [-0.0419358, 0.99782401, -0.050876, 0.87039798, 0.011484, -0.49221399, -0.49055901, -0.0649238, -0.86898601], "cam_t_m2c": [-52.26337344, -43.71661035, 1018.51542318], "obj_bb": [255, 178, 83, 83], "obj_id": 15, "kps": [292.8231310618706, 224.09870018565118, 264.72255599034645, 221.70046278121603, 249.09293417194388, 164.3290425647404, 339.58976169278526, 222.3954725345874, 336.3698265279706, 164.56657261217708, 260.05486257854886, 264.2253068982795, 242.8279921284073, 211.40155332923578, 338.1010997963143, 265.33028891636565, 334.455708935711, 212.1460117319039]}]}, "47": {"img_name": "0047", "gt": [{"cam_R_m2c": [-0.034779, 0.99676198, -0.0724972, 0.893242, -0.00153176, -0.44957399, -0.44822901, -0.0803932, -0.89029598], "cam_t_m2c": [-38.62825134, -56.48307107, 973.52544164], "obj_bb": [259, 169, 88, 85], "obj_id": 15, "kps": [299.5315082248332, 215.24319162770243, 270.39780078041855, 211.96656643547666, 252.2214748974302, 154.6981041606557, 348.3415786289414, 211.5126559128489, 344.07151851572473, 153.41295420482442, 266.3817446365579, 256.988103155536, 246.578181425885, 205.41985213156457, 347.46861476886755, 257.03430990999635, 342.82445205090374, 204.76767589578975]}]}, "48": {"img_name": "0048", "gt": [{"cam_R_m2c": [-0.51352298, 0.84911102, -0.123713, 0.77302098, 0.39520499, -0.49623701, -0.37246799, -0.35046199, -0.85932702], "cam_t_m2c": [-52.4960365, -24.66347456, 1018.10456147], "obj_bb": [260, 180, 79, 100], "obj_id": 15, "kps": [296.1075379797997, 232.9777847820574, 285.3475303579974, 219.79727618104502, 265.5731460966823, 162.6549037826202, 349.2478060447425, 249.42630539987346, 339.27904706212416, 194.16630483960733, 259.12001146418686, 256.7498543938302, 234.2186780561518, 203.69124612405534, 323.855224363862, 289.1733407857184, 308.9947857098935, 238.8017719058879]}]}, "49": {"img_name": "0049", "gt": [{"cam_R_m2c": [-0.50118798, 0.85061002, -0.158978, 0.78255099, 0.36710599, -0.50283903, -0.369358, -0.376425, -0.84963399], "cam_t_m2c": [-30.41343628, -17.34847297, 973.35864229], "obj_bb": [269, 183, 84, 102], "obj_id": 15, "kps": [307.96849309270715, 236.98085031787022, 296.61439938236543, 223.90015227040917, 273.9447299246117, 164.18277326762117, 364.01668739627144, 252.7415382996432, 351.88650524784924, 194.39559324961957, 270.31401169883515, 262.99219383623335, 242.21539894465036, 207.76473132260563, 338.5889464139939, 294.9823344635844, 321.2666965194966, 242.05714135438393]}]}, "50": {"img_name": "0050", "gt": [{"cam_R_m2c": [-0.55004501, 0.82616502, -0.122073, 0.75069797, 0.42507401, -0.50573099, -0.36592701, -0.36981499, -0.854011], "cam_t_m2c": [-27.19450565, -35.28657108, 876.64282328], "obj_bb": [268, 161, 88, 119], "obj_id": 15, "kps": [307.7225190454631, 224.95870788508296, 296.07273960712104, 210.41153553536074, 275.2764424436957, 140.85351240773505, 368.1342121719821, 246.60661426752094, 360.3327328190926, 179.4838650438425, 264.41041347037657, 251.16487758484212, 236.54548006795864, 186.60714744836483, 337.2953224345958, 291.16412032934704, 322.67890074943244, 230.31143668715637]}]}, "51": {"img_name": "0051", "gt": [{"cam_R_m2c": [-0.618922, 0.78538901, -0.0100347, 0.70557302, 0.55031902, -0.446448, -0.34511301, -0.28339699, -0.89475298], "cam_t_m2c": [-42.5880773, -88.80779021, 771.15309176], "obj_bb": [246, 105, 99, 142], "obj_id": 15, "kps": [292.4613082489896, 182.5620415903493, 279.96854866962514, 163.97527468083655, 268.18766723152913, 80.99002177136974, 355.79832128799575, 214.93954961570975, 361.62842061847874, 139.20369363932144, 239.50078695129108, 205.30100068261535, 217.51875234569138, 128.29037597158725, 316.26968453205944, 260.40207037848586, 312.3589093289775, 192.43455047591198]}]}, "52": {"img_name": "0052", "gt": [{"cam_R_m2c": [-0.085305, 0.98547298, -0.146853, 0.979509, 0.0559578, -0.193472, -0.18244401, -0.160348, -0.97005302], "cam_t_m2c": [-96.33411871, -57.87326755, 1014.21900906], "obj_bb": [224, 182, 92, 63], "obj_id": 15, "kps": [270.53747671689194, 210.57435128871953, 248.1689505168617, 196.06830786120491, 217.11498135073018, 165.6536797112895, 322.0795769892749, 199.38019088212027, 304.60527073831963, 168.82936908981944, 242.83334641535572, 243.01792612405956, 210.17534735038257, 221.1098380834104, 317.79646091618116, 247.4066286711568, 299.14211912294957, 225.79558974902605]}]}, "53": {"img_name": "0053", "gt": [{"cam_R_m2c": [-0.113133, 0.97759598, -0.177504, 0.981812, 0.0825808, -0.170954, -0.152465, -0.193616, -0.96915799], "cam_t_m2c": [-70.21055572, -84.36265156, 958.12359103], "obj_bb": [234, 161, 97, 69], "obj_id": 15, "kps": [283.2190123356573, 192.91265098837926, 260.7069724236495, 177.25834686033411, 226.62985644690946, 143.87077802193886, 338.2239050139964, 182.19218980325059, 319.12859790858363, 148.7237584408446, 254.0643600969365, 226.5217423505034, 218.07187271863427, 202.6607056522407, 332.47814657684546, 232.89475145345043, 311.84570995176387, 209.57665314958876]}]}, "54": {"img_name": "0054", "gt": [{"cam_R_m2c": [-0.122209, 0.96941799, -0.212824, 0.97965002, 0.0834213, -0.182556, -0.159219, -0.230803, -0.959885], "cam_t_m2c": [-72.4382727, -101.78735498, 898.44279039], "obj_bb": [224, 143, 107, 76], "obj_id": 15, "kps": [279.92673756304816, 179.27476086871988, 258.206920264253, 164.32737844340775, 216.97592060813986, 124.61876497108976, 339.56133941296565, 168.8382152954017, 314.6056067296714, 128.44071559992133, 250.6088249649492, 216.11115230540537, 206.98073159826455, 186.8861606591479, 332.9584326469215, 222.52258820173532, 306.03638996121634, 193.47907236936086]}]}, "55": {"img_name": "0055", "gt": [{"cam_R_m2c": [-0.119418, 0.97794002, -0.17138401, 0.97845799, 0.0866422, -0.18738399, -0.168401, -0.190069, -0.96722001], "cam_t_m2c": [-108.78787714, -93.84592659, 859.24495188], "obj_bb": [195, 143, 112, 80], "obj_id": 15, "kps": [253.71761483513527, 181.69892407355883, 231.2230619343535, 165.8863154510032, 187.11205874993078, 123.62172936190764, 315.99414759157156, 171.39566497697172, 290.0971208214602, 128.86937704152876, 222.94063499323983, 219.834099663029, 176.02338640839045, 189.1307534339911, 308.908085021068, 227.0688590912472, 280.7706199256265, 196.94360866344522]}]}, "56": {"img_name": "0056", "gt": [{"cam_R_m2c": [0.18116499, 0.98082399, 0.071853, 0.67783898, -0.0715977, -0.73171598, -0.71253997, 0.18126599, -0.67781198], "cam_t_m2c": [23.17389868, -137.59690779, 1031.96149927], "obj_bb": [297, 117, 79, 99], "obj_id": 15, "kps": [331.24108777401585, 178.30553712744094, 292.25486966189476, 192.3634802028367, 295.7572202682064, 107.7116056398081, 365.5478540013018, 188.22230670200156, 377.9900704564095, 105.28639967225006, 299.4422659980713, 224.04017857995987, 304.1742968766074, 137.54743195152116, 377.1213106037758, 218.8532131428513, 391.9674340184945, 134.1112737634364]}]}, "57": {"img_name": "0057", "gt": [{"cam_R_m2c": [0.16562, 0.97994, 0.11085, 0.69144702, -0.0352382, -0.72156698, -0.70318598, 0.196153, -0.68341303], "cam_t_m2c": [8.23356818, -138.39436502, 985.12396558], "obj_bb": [286, 109, 83, 105], "obj_id": 15, "kps": [322.3901672871578, 174.4800202901587, 281.2516122217858, 187.41718776426123, 287.80728036153687, 98.78974195866145, 357.8873351736864, 186.1395614442781, 374.22803499230486, 99.989486758756, 287.24420846600776, 221.0305408159861, 295.1601369935819, 130.56305231476784, 368.6268500537032, 218.72692020777166, 387.6629657795313, 130.83341492662308]}]}, "58": {"img_name": "0058", "gt": [{"cam_R_m2c": [0.0832897, 0.98694497, 0.137848, 0.71041799, 0.0381997, -0.70274198, -0.698834, 0.156461, -0.69796199], "cam_t_m2c": [43.90338099, -109.80804023, 892.64219247], "obj_bb": [303, 113, 92, 116], "obj_id": 15, "kps": [344.0654750866116, 184.74876746358234, 298.6438768372246, 194.52316804725322, 311.7646154091488, 99.6445448352579, 382.4258621201204, 198.84343825541225, 407.58157182196584, 107.11168464379736, 301.63551624789375, 233.0325067872156, 316.347079010327, 136.54441279579635, 391.21967772108155, 236.70654601371223, 419.82690547222836, 143.56403152232542]}]}, "59": {"img_name": "0059", "gt": [{"cam_R_m2c": [0.0771379, 0.98835999, 0.131125, 0.707573, 0.0383876, -0.70559698, -0.70241702, 0.147209, -0.69637603], "cam_t_m2c": [46.47433005, -92.67663952, 860.79087138], "obj_bb": [304, 120, 95, 120], "obj_id": 15, "kps": [346.5542456533907, 193.8567560850702, 299.8090535702142, 203.5658645657433, 312.7484697455788, 106.17969928494405, 386.4618730552416, 207.77804112766657, 412.3340075921029, 113.55209562940455, 302.6093565372951, 243.93581838266599, 317.1616267519482, 144.91432781131084, 395.5254956117822, 247.48542078226313, 425.1077288819333, 151.82913776232851]}]}, "60": {"img_name": "0060", "gt": [{"cam_R_m2c": [0.0900592, 0.99224299, 0.0856904, 0.72567898, -0.00644885, -0.688003, -0.68211401, 0.124145, -0.720631], "cam_t_m2c": [50.29758233, -97.71704577, 777.50464042], "obj_bb": [306, 104, 105, 131], "obj_id": 15, "kps": [352.42045882899976, 185.1311903656936, 302.1574176820017, 197.21571894612677, 310.3147466150421, 89.73179732387749, 397.22696325065766, 197.5266483068402, 422.0142801488224, 92.71342506904975, 306.34414307685483, 242.32680354622374, 316.1139740145525, 133.52915342859555, 408.73693922173237, 241.65653196569247, 438.05923129153416, 135.6233310954131]}]}, "61": {"img_name": "0061", "gt": [{"cam_R_m2c": [0.154761, 0.98712403, 0.040448, 0.75977999, -0.092749, -0.64353001, -0.63149202, 0.130325, -0.76435101], "cam_t_m2c": [16.93744955, -127.97735579, 651.79223508], "obj_bb": [276, 51, 124, 157], "obj_id": 15, "kps": [330.21895929255174, 148.3944585398319, 273.7334633226404, 166.82381155971342, 268.745590286112, 35.73536242892244, 384.40755746049564, 158.42402476231302, 404.76321135126636, 29.483407844362823, 281.4389338470589, 220.20524677037758, 277.9130353384054, 88.68025917095962, 401.24786559177073, 209.63579908258833, 427.9928704034313, 79.95460268155726]}]}, "62": {"img_name": "0062", "gt": [{"cam_R_m2c": [0.144637, 0.98943102, 0.0103486, 0.71529299, -0.097325, -0.69201398, -0.68369299, 0.107493, -0.72180998], "cam_t_m2c": [80.05809968, -139.43396075, 803.47276355], "obj_bb": [330, 80, 101, 128], "obj_id": 15, "kps": [373.57890389652647, 158.76445125341647, 324.8595044584724, 176.68029378713433, 326.2272526789413, 68.86274536826029, 416.60740100458236, 168.77616480980862, 433.6969904227153, 61.80135738050562, 334.19535101433877, 218.04116586722822, 337.4759100917639, 108.20355644591025, 432.73225825343275, 208.76225280563207, 454.3791928263025, 99.630980401447]}]}, "63": {"img_name": "0063", "gt": [{"cam_R_m2c": [-0.44411901, 0.89055997, -0.0982886, 0.62187397, 0.22742, -0.74936801, -0.64500499, -0.393931, -0.654818], "cam_t_m2c": [33.50031559, -82.61469522, 1040.21148896], "obj_bb": [307, 144, 78, 106], "obj_id": 15, "kps": [341.83914313248187, 207.57751963180988, 324.16855346120025, 212.69866048608023, 314.0378341695974, 132.85859744570675, 392.31433690983016, 228.60392543130737, 389.98772721656445, 145.9984004767857, 302.3922747159844, 241.5508457521985, 288.9419981362409, 160.3350661647594, 373.28767805095544, 259.990